CC1=C(C(=CC=C1)Cl)/C=N\N=C(N)N	130016838	KIJLIUDZRBGNIN-ACAGNQJTSA-N	C9H11ClN4
CCCC1=C2N=C(C=C(N2N=C1)N)Cl	143067604	POMWUXGWMJVVHC-UHFFFAOYSA-N	C9H11ClN4
C1=CC(=CC(=C1)Cl)[C@H](CCN=[N+]=[N-])N	149728648	AYRYOPSZIHGSHE-VIFPVBQESA-N	C9H11ClN4
CCCN1C(=NC2=CN=C(N=C21)Cl)C	24903963	YZOATRWZCZQPSP-UHFFFAOYSA-N	C9H11ClN4
C1=CC=C(C=C1)CNN2N=CC=N2.Cl	145724124	ATEKNUNUKONRQZ-UHFFFAOYSA-N	C9H11ClN4
CC1=C2C(=NC(=N1)Cl)NC3CCN2C3	121359389	PEKGLLVTGZFERI-UHFFFAOYSA-N	C9H11ClN4
CC1=NN=C2N1C=CN=C2CC(C)Cl	64370393	GNBQGWBLAIKWGQ-UHFFFAOYSA-N	C9H11ClN4
C1=CC(=CC=C1C2=CN=C(N2)N)N.Cl	68897252	QRMGFEDMRSBDNT-UHFFFAOYSA-N	C9H11ClN4
C1C2CNC1CN2C3=NN=C(C=C3)Cl	18007882	RDBYUTPLHXVJKE-UHFFFAOYSA-N	C9H11ClN4
CCN1C(=C(C(=N1)N2C=CN=C2)Cl)C	70851797	REKDYHJFXMTFFI-UHFFFAOYSA-N	C9H11ClN4
CC1C/C=C(/N=C(\C2=C1NC=N2)/N)\Cl	136591257	CXHOUWQUXHNKEW-ZZXKWVIFSA-N	C9H11ClN4
C1=CC=C(C=C1)N2C=C(N=N2)C[NH3+].[Cl-]	82018236	YSJCRPQLOKWYCM-UHFFFAOYSA-N	C9H11ClN4
CC(CN(C)C1=NC(=NC=C1)Cl)C#N	62342080	CYUZEPFYABRSAW-UHFFFAOYSA-N	C9H11ClN4
C1=CC(=C(C=C1N=[N+]=[N-])CCCN)Cl	152368767	XCYNSTAHIXDPDJ-UHFFFAOYSA-N	C9H11ClN4
C1CC2CN3C(=NC=N3)N=C2C(C1)Cl	54553835	ZLTUBADDOBAXHN-UHFFFAOYSA-N	C9H11ClN4
CCCC1=NN2C(=CC(=NC2=N1)C)Cl	6625149	QVZNVMWDJSJQFB-UHFFFAOYSA-N	C9H11ClN4
CC(=NNC1=NN=C(C=C1)Cl)CC=C	154141143	ZUYQDTWYDOKESY-UHFFFAOYSA-N	C9H11ClN4
C=C(N(/C=C(/C1=CN=CC=C1)\N)N)Cl	148708068	NWRIBYYAERTDJO-TWGQIWQCSA-N	C9H11ClN4
CC1=C2C(=NC=NN2C(=C1CCl)C)N	57955311	NLJQCFCFBAMDEK-UHFFFAOYSA-N	C9H11ClN4
C1CN2CC3=C([C@@H]2[C@H]1N)C(=NC=N3)Cl	131067829	DROIWABUMNMZHT-XNCJUZBTSA-N	C9H11ClN4
CC1=NC2=NC(=NN2C(=C1)Cl)C(C)C	53391863	AYAMHHIDDQAFFJ-UHFFFAOYSA-N	C9H11ClN4
CC(C)(C(C1=CC=CC=N1)Cl)N=[N+]=[N-]	150399342	HDKSPSRWYCMWQW-UHFFFAOYSA-N	C9H11ClN4
CC(CCl)NC1=NC2=CC=NN2C=C1	115373208	OJNYBRLWOGVBIE-UHFFFAOYSA-N	C9H11ClN4
C1C2C(C2NC3=NC=NC=C3Cl)CN1	105369860	RQKOAJOOXTWEEB-UHFFFAOYSA-N	C9H11ClN4
CCN(CC)C1=NC=C(C(=N1)Cl)C#N	130540991	YNXNIZYBPYPCAR-UHFFFAOYSA-N	C9H11ClN4
CN(C)C1=NC2=C(C=C(C=C2)Cl)NN1	154203025	JZNUPGWCHWQVNP-UHFFFAOYSA-N	C9H11ClN4
CC1=C(C(=NC(=C1Cl)C)N(C)N)C#N	1509227	FWWQIZXJOZZXLY-UHFFFAOYSA-N	C9H11ClN4
CC1=CC(=CC(=C1CNN=[N+]=[N-])C)Cl	150413218	HGFLHOUEPRXRFT-UHFFFAOYSA-N	C9H11ClN4
CCC1=NC2=C(C(=NN2C)C)C(=N1)Cl	129984332	DXVDLOJMVGBSAI-UHFFFAOYSA-N	C9H11ClN4
CCCCC1=NC(=CC(=C1)N=[N+]=[N-])Cl	151166895	NBLFPWTVPMPQCG-UHFFFAOYSA-N	C9H11ClN4
CC1=CC(=CC(=C1N)Cl)C(C)N=[N+]=[N-]	150278833	GFDKYUKOKXAUDZ-UHFFFAOYSA-N	C9H11ClN4
C1CC(C=C1)NC2=C(C(=NC=N2)Cl)N	129968427	YZTRYFLSMAYOPZ-UHFFFAOYSA-N	C9H11ClN4
C1=CC=C(C(=C1)C2=CN=C(N2)N)N.Cl	68994040	OKUJAAQKKBOLHD-UHFFFAOYSA-N	C9H11ClN4
C1=CC=C(C=C1)CNC(CN=[N+]=[N-])Cl	152712457	ZTWTUARNCYMXDE-UHFFFAOYSA-N	C9H11ClN4
CCCC1=NC2=NC(=NN2C(=C1)Cl)C	81592172	DNYPIGXDPJZVRR-UHFFFAOYSA-N	C9H11ClN4
CC=CC1(C=CC(=CC1Cl)N)N=[N+]=[N-]	151191059	NGHYMTMDUPJICP-UHFFFAOYSA-N	C9H11ClN4
CCCNC1=CC(=NC2=CC=NN21)Cl	23131907	DHURWERNSHKAGS-UHFFFAOYSA-N	C9H11ClN4
CN(C)C1=C(C=CC(=C1)Cl)CN=[N+]=[N-]	152706362	ZSQRNHNUCBEBGH-UHFFFAOYSA-N	C9H11ClN4
CCN1C2=C(C=C(C=C2)Cl)N=C1NN	115059592	QUOHKXJWZCUDFN-UHFFFAOYSA-N	C9H11ClN4
CN(C)CC1=CC(=CC2=NNN=C12)Cl	141347345	AVLCWVMQDKNJIL-UHFFFAOYSA-N	C9H11ClN4
C1=CC(=CC=C1CN)N2C=CN=N2.Cl	69633171	UNEHYEMYUJFBBU-UHFFFAOYSA-N	C9H11ClN4
CN(CCN=[N+]=[N-])C1=CC=C(C=C1)Cl	150712536	JOESRWXEHLRETG-UHFFFAOYSA-N	C9H11ClN4
C1CN=C(N1)NC2=CC(=C(C=C2)Cl)N	125426368	IGQLZWQCLHNALJ-UHFFFAOYSA-N	C9H11ClN4
CCN1C2=NC=C(C(=C2C=N1)Cl)NC	57516853	QKTMIDOPKNUWNL-UHFFFAOYSA-N	C9H11ClN4
CC(C)CC1=C(C=C(C=N1)N=[N+]=[N-])Cl	150843655	KONNUVAHDFGWNB-UHFFFAOYSA-N	C9H11ClN4
CCCCC1=NN2C(=N1)C=CC(=N2)Cl	141002300	XTQVOSWQEVCEHU-UHFFFAOYSA-N	C9H11ClN4
C[C@@H](C1=CC=C(C=C1)CCl)NN=[N+]=[N-]	150813420	KIJGVYSRFLBBTC-ZETCQYMHSA-N	C9H11ClN4
C1=CC(=CC(=C1)Cl)CCNCN=[N+]=[N-]	149802794	BNNWFVHVBHIYQH-UHFFFAOYSA-N	C9H11ClN4
CC1=CCCC(C1CN=[N+]=[N-])(C#N)Cl	152730663	ZXNZCAHDLGWZSL-UHFFFAOYSA-N	C9H11ClN4
CC1=CN2C(=C(N=C2N=C1)Cl)C(C)N	84015661	JRJNZJRNHSHDDE-UHFFFAOYSA-N	C9H11ClN4
CC(CN(C)C1=CN=C(C=N1)Cl)C#N	131196542	HAFNVPBFCYZOCK-UHFFFAOYSA-N	C9H11ClN4
C1=CN(C2=C1N=CN=C2N)CCCCl	153845135	GCTPIBHKNKONGT-UHFFFAOYSA-N	C9H11ClN4
CC1=NN(C=C1)CC2=NC=C(N2C)Cl	64451642	UQMFVJHGIFFCIL-UHFFFAOYSA-N	C9H11ClN4
CC(CC#N)N(C)C1=NC=C(C=N1)Cl	79839239	HWTDTLGPVIIAPT-UHFFFAOYSA-N	C9H11ClN4
C1=CN2C(=CC=N2)C(=N1)NCCCCl	104733899	VTXQIBBCPQOAKJ-UHFFFAOYSA-N	C9H11ClN4
CC(CC#N)N(C)C1=NC=NC=C1Cl	105368949	STYOIZXGUXDGKO-UHFFFAOYSA-N	C9H11ClN4
C1=CC(=CC=C1CN)N2C=NC=N2.Cl	42951335	XAVRTXPEJQCVOJ-UHFFFAOYSA-N	C9H11ClN4
CCNCC1=NN2C=CC(=NC2=C1)Cl	130048107	NPNCRYFRHKDGKA-UHFFFAOYSA-N	C9H11ClN4
CN/C=C\C(=NC1=NC=CC(=C1)Cl)N	144889489	HZIVMKLXVHRFGM-ARJAWSKDSA-N	C9H11ClN4
CC1=NC2=C(N1CCN)N=CC(=C2)Cl	82061679	DQHACBSFLICDOE-UHFFFAOYSA-N	C9H11ClN4
C1CNCC2=C1N3CNN=C3C=C2Cl	147752699	HCMZQMSBZBMZLX-UHFFFAOYSA-N	C9H11ClN4
CN(C)C1=NC=CC(=N1)C(CCl)C#N	64829920	UWJROSABDLPIGI-UHFFFAOYSA-N	C9H11ClN4
CN1C=C(C=N1)CN2C=C(N=C2)CCl	106720873	CEDXLYMZTJAHDS-UHFFFAOYSA-N	C9H11ClN4
C1[C@H]([C@@H](C2=CC=CC=C21)N)N=[N+]=[N-].Cl	44233466	YHXYJGGGZCBKCV-VTLYIQCISA-N	C9H11ClN4
C1=C(C=C(C(=C1C#N)N)Cl)[C@@H](CN)N	66516908	ALJJLDCBKQIMIS-MRVPVSSYSA-N	C9H11ClN4
CC(C1=NC(=C2N1C(=CC=C2)N)Cl)N	117253111	UCJPAHYDZLLDLA-UHFFFAOYSA-N	C9H11ClN4
CN1C(=CC=N1)CN2C=NC=C2CCl	66150644	OQEPIDJKSXPBOM-UHFFFAOYSA-N	C9H11ClN4
CN(C)N1C2=C(C=CC(=C2)Cl)N=C1N	83017848	YCOOTEQTIKOAQW-UHFFFAOYSA-N	C9H11ClN4
CC(C)(C1=NN2C=CC(=CC2=N1)Cl)N	116990187	ZQBZIXFJEZFUAH-UHFFFAOYSA-N	C9H11ClN4
CC(CC#C)NC1=NC=NC(=C1Cl)N	106812164	ARPCPVZWSBAEEK-UHFFFAOYSA-N	C9H11ClN4
CCC1=C(C(=C(C(=N1)Cl)C#N)C)NN	153892255	DVSRGNSFHLMMBW-UHFFFAOYSA-N	C9H11ClN4
CC(C)(C)C1=C(N=CC(=C1)Cl)N=[N+]=[N-]	152189595	VSZBWYJUFWOHDI-UHFFFAOYSA-N	C9H11ClN4
CC(CN)C1=CN=C2N1N=C(C=C2)Cl	83885315	TWYRXWRGHPZVSX-UHFFFAOYSA-N	C9H11ClN4
C1=CC(=CC=C1C[C@@H](CN)N=[N+]=[N-])Cl	152575213	YSIHESHRUOJSJF-VIFPVBQESA-N	C9H11ClN4
CC1=NC(=CC(=N1)Cl)NC(C)CC#N	130609671	CRUKCHKAKYIBFE-UHFFFAOYSA-N	C9H11ClN4
C1=CC2=C(C=CN2)C=C1/C(=N/N)/N.Cl	87664639	NXUPNDXHJOTESD-UHFFFAOYSA-N	C9H11ClN4
CN(CCCl)C1=NC2=CC=NN2C=C1	115373182	JCRAORAHFLUFOQ-UHFFFAOYSA-N	C9H11ClN4
CN1C(=NC(=C1C2=CNC=C2)Cl)CN	84122065	KESFFWJJPBXLFY-UHFFFAOYSA-N	C9H11ClN4
CN(CCN=[N+]=[N-])C1=CC=CC=C1Cl	151614693	QNFYSNAWFUPKDF-UHFFFAOYSA-N	C9H11ClN4
CC1=C2C(=NC(=N1)Cl)N[C@H]3CCN2C3	121351872	PEKGLLVTGZFERI-LURJTMIESA-N	C9H11ClN4
CN1C(=C(C=N1)Cl)C2CC(CN2)C#N	112546586	CSMGAISBIUOSDI-UHFFFAOYSA-N	C9H11ClN4
CN(C)C1=CC=CC=C1C(N=[N+]=[N-])Cl	150552784	IIFNDHHHPXZDDO-UHFFFAOYSA-N	C9H11ClN4
CCN1C=C(C(=N1)C2=CC=NN2C)Cl	118289703	GXDIOCADOHTXFB-UHFFFAOYSA-N	C9H11ClN4
CCC(CC#N)NC1=NC(=NC=C1)Cl	130616182	ZLDZLFPVXHJBRY-UHFFFAOYSA-N	C9H11ClN4
C1C2=C(CN(N1)C(=N)N)C=CC(=C2)Cl	154372665	IXWWFACAPQIGQE-UHFFFAOYSA-N	C9H11ClN4
C1CN=C(NN1)CC2=CN=C(C=C2)Cl	9899210	NIVVMKZCDBAULJ-UHFFFAOYSA-N	C9H11ClN4
CC(CN(C)C1=NC=C(C=N1)Cl)C#N	79557173	IOBWQQPLHBKZDG-UHFFFAOYSA-N	C9H11ClN4
C1C(CN1C2=C(C=CC=N2)Cl)C(=N)N	124002263	JCIKIHWATHVRCK-UHFFFAOYSA-N	C9H11ClN4
CC1=NN2C(=C1)N=C(C=C2Cl)CCN	82508225	ZLHIMLPEWXYTSL-UHFFFAOYSA-N	C9H11ClN4
C1CN=C(N1)NC2=C(C=CC(=C2)N)Cl	22225804	FUOMPLGTAUDSFS-UHFFFAOYSA-N	C9H11ClN4
C1CN(CC=C1)C2=C(C(=NC=N2)Cl)N	108375941	BKNKAJITMOKPCD-UHFFFAOYSA-N	C9H11ClN4
CC1=C(N=C(N=C1NC(=C)N=C)Cl)C	58804913	PQHOCPVFKGKBDF-UHFFFAOYSA-N	C9H11ClN4
C=C/C=N/N(C1=C(C=C(C=C1)N)Cl)N	147965908	IQJZRFKTJFFKKK-WLRTZDKTSA-N	C9H11ClN4
CC(C)(CC1=CN=C(C=C1)Cl)N=[N+]=[N-]	152207032	VWLOJQQCKPWVMT-UHFFFAOYSA-N	C9H11ClN4
C1=CNC=C1C2=C(NC(=N2)CCN)Cl	84122069	ZMFSKPUGYTVMGR-UHFFFAOYSA-N	C9H11ClN4
CN(CCC#N)CC1=CN=C(C=N1)Cl	103054039	YFXZSGAVBDKWRI-UHFFFAOYSA-N	C9H11ClN4
CC(N=C(/C=C\N)C1=CN=CN=C1)Cl	147077628	BGHFQVJANLTJFR-SQRXIVQDSA-N	C9H11ClN4
CC(=NN=C(N)N)C1=CC(=CC=C1)Cl	3609169	KZWOILLLEJJMPT-UHFFFAOYSA-N	C9H11ClN4
CC(C)CC1=CC2=NC=NN2N=C1Cl	18995745	PJPCSSWDQGFWDD-UHFFFAOYSA-N	C9H11ClN4
C1CC(C2=C(C1)CN3C(=NC=N3)N2)Cl	136460070	MENMVBBDOGEUFJ-UHFFFAOYSA-N	C9H11ClN4
CC(C)(C)C1=NC(=C(C=C1)N=[N+]=[N-])Cl	152660600	ZJLWMUFPHINGAK-UHFFFAOYSA-N	C9H11ClN4
CN1C2=NC=C(C(=C2C=N1)Cl)CCN	83885317	ZZPWMJNZCSJVLB-UHFFFAOYSA-N	C9H11ClN4
CN(C)CC1=C(C=C(C=C1)N=[N+]=[N-])Cl	150609566	ITPBKOUYKXHRFV-UHFFFAOYSA-N	C9H11ClN4
CC1N(N=NN1C2=CC(=CC=C2)Cl)C	20462635	NHLXSMVTZJTPOO-UHFFFAOYSA-N	C9H11ClN4
CCCN1C=NC2=C1N=C(N=C2Cl)C	148510470	MMKCYXLVYLCVAK-UHFFFAOYSA-N	C9H11ClN4
CN(C)CC1=NN2C=C(C=CC2=N1)Cl	117257698	ZOHFDVSWZFASGQ-UHFFFAOYSA-N	C9H11ClN4
CC(C)N1C2=C(C=NC=C2N)N=C1Cl	84063633	ZQOZAECBLRWSDQ-UHFFFAOYSA-N	C9H11ClN4
C1CC1C2=NC(=NC(=N2)Cl)NC3CC3	18965200	SUDLXPQVHDMSPD-UHFFFAOYSA-N	C9H11ClN4
CN1C2=C(C=C(C=C2)Cl)C(=NN)N1C	67342815	JVNFDPMWLUWVQB-UHFFFAOYSA-N	C9H11ClN4
CCCC1=C(C(=C(C=C1)N=[N+]=[N-])Cl)N	151485447	PNIXQHFNICOOBU-UHFFFAOYSA-N	C9H11ClN4
CC(C)(CC1=C(C=CC=N1)Cl)N=[N+]=[N-]	151749897	ROHOYDDNZSBHQV-UHFFFAOYSA-N	C9H11ClN4
CCN(C1=C(C(=CC(=N1)Cl)C)C#N)N	576178	KTSAGNVMZUORKH-UHFFFAOYSA-N	C9H11ClN4
CC1=CC(=C(C=C1)/C=N\N=C(N)N)Cl	153690637	ICYGCJUOGQGKJK-ACAGNQJTSA-N	C9H11ClN4
C1CN=C(N1)NC2=C(C=C(C=C2)Cl)N	85787810	JGWNIVVVNXRFNO-UHFFFAOYSA-N	C9H11ClN4
CCC1=NN2C(=C1)N=C(C=C2Cl)CN	82508224	WQBGOWWEFYDDSE-UHFFFAOYSA-N	C9H11ClN4
CC1=NN=C(C2=CC=CC=C12)NN.Cl	3047907	LDKCZGWQXZVGNN-UHFFFAOYSA-N	C9H11ClN4
C1CC2CC1C3=C2C(=NN=C3NN)Cl	13518756	KZBTTZMYVULKND-UHFFFAOYSA-N	C9H11ClN4
CC(C)NC1=NN2C=C(C=CC2=N1)Cl	80034574	WZYSATISIJDWAA-UHFFFAOYSA-N	C9H11ClN4
CNCC(C1=CC=C(C=C1)Cl)N=[N+]=[N-]	151723710	RJCXLQXXLFROLL-UHFFFAOYSA-N	C9H11ClN4
CNC1=NC=C2CNC(C=CC2=N1)Cl	89967188	OUJKQEPANIKZMV-UHFFFAOYSA-N	C9H11ClN4
CCCNC1=C(C(=CC=C1)N=[N+]=[N-])Cl	150943655	LIOWGJJVXHQQBU-UHFFFAOYSA-N	C9H11ClN4
C1=C2N=CC(=CN2N=C1CCCN)Cl	84678099	IJDREAFSVBZIIL-UHFFFAOYSA-N	C9H11ClN4
C1=CC2=C(C=C1Cl)N=C(N2CCN)N	84781385	IELVBPJPXHDGGK-UHFFFAOYSA-N	C9H11ClN4
CN1C2=CC=CC=C2N=C1CNNCl	153001438	UYFXDMSCUFERHM-UHFFFAOYSA-N	C9H11ClN4
CN=C(C1=CC=CC(=C1)CCl)N=NN	89065544	IAYPXSZGKPOQBF-UHFFFAOYSA-N	C9H11ClN4
C1[C@H]2CN[C@@H]1CN2C3=C(N=NC=C3)Cl	153830608	SFVFMLUBPQCDGS-BQBZGAKWSA-N	C9H11ClN4
CCC(CC#N)NC1=NC=NC=C1Cl	131110862	XAFAZLLSDKRUPF-UHFFFAOYSA-N	C9H11ClN4
CC(C)CN1C=NC2=C1N=CN=C2Cl	85745838	JWYRNMHMJHCPIS-UHFFFAOYSA-N	C9H11ClN4
CNCC1=NC(=C(N1)Cl)C2=CNC=C2	84122067	HWYGIVRKYWKVKA-UHFFFAOYSA-N	C9H11ClN4
CCCC1=NN2C=C(C(=CC2=N1)Cl)N	84756348	ISHAVOWNOYXVKY-UHFFFAOYSA-N	C9H11ClN4
CC#CCN(C)C1=CC(=NC(=N1)N)Cl	126997459	UDPUYCQZCKAVPN-UHFFFAOYSA-N	C9H11ClN4
CN(CCCl)C1=NC=CN2C1=CC=N2	104733823	RORYXGVFHYXPLK-UHFFFAOYSA-N	C9H11ClN4
CCCN1C(=NC2=C1N=CN=C2Cl)C	142466048	ONEQXEBSDZUECR-UHFFFAOYSA-N	C9H11ClN4
CCCCC1=NC2=C(N1)C(=NC=N2)Cl	19012216	QUNFOMYSTVAGCA-UHFFFAOYSA-N	C9H11ClN4
CC1=CN=C(C2=NC(=NN12)[C@H](C)Cl)C	124674695	VRQZMIZEDFMWDL-LURJTMIESA-N	C9H11ClN4
CC1=NN(C=C1Cl)C2CC=C(C=N2)N	148741065	OCVQBPDYRUDATH-UHFFFAOYSA-N	C9H11ClN4
C1C(NC(=N1)NN)C2=CC=C(C=C2)Cl	130007958	FKDDCSHIZDJVFV-UHFFFAOYSA-N	C9H11ClN4
C[C@@H](C1=NC2=C(C=C(C=C2N1)Cl)N)N	69312600	VGCUELSSEDROSI-BYPYZUCNSA-N	C9H11ClN4
CN1NN=C(N1CC2=CC=CC=C2)Cl	152748045	IPQNBBSMPQIMJA-UHFFFAOYSA-N	C9H11ClN4
C1CN(C(=N1)NN)C2=CC(=CC=C2)Cl	16099671	FAWCPZRVJBGRTP-UHFFFAOYSA-N	C9H11ClN4
CC(C)(CNC1=NC=C(C=N1)Cl)C#N	131128457	HXOGJOXKAFICKA-UHFFFAOYSA-N	C9H11ClN4
CC(C)NC1=NC2=NC=CN2C(=C1)Cl	71322038	ZIFNBUIERPHJDZ-UHFFFAOYSA-N	C9H11ClN4
C1C2CN(CC1N2)C3=NC=C(C=N3)Cl	139313475	USOCNYCVZKMWCS-UHFFFAOYSA-N	C9H11ClN4
C/C(=N\N=C(N)N)/C1=CC=C(C=C1)Cl	9573029	NBHBAGUAKHKQAS-AWNIVKPZSA-N	C9H11ClN4
CC1=NN2C=CN=C(C2=C1)NCCCl	104733906	MZRLKORNVKYYRK-UHFFFAOYSA-N	C9H11ClN4
C1C[C@H]2CN(C1)C3=CN=C(N=C3N2)Cl	121351734	AVPMSWFPHXGTHS-LURJTMIESA-N	C9H11ClN4
CC1=CC(=C(C=C1)Cl)/C=N/N=C(N)N	118626493	KRMVWMSIZYWCKU-WLRTZDKTSA-N	C9H11ClN4
C1C2CN(C1C2N)C3=NN=C(C=C3)Cl	131059274	SZHDKNDIKZNKMR-UHFFFAOYSA-N	C9H11ClN4
CCCC1=NC(=CN2C1=NC(=N2)C)Cl	121348324	PQBXESDOHIAPOI-UHFFFAOYSA-N	C9H11ClN4
CCN=C1NC2=C(C=C(C=C2)Cl)NN1	137219271	IDGZWVCVFMNZJC-UHFFFAOYSA-N	C9H11ClN4
CC(CC1=CC=CC2=NN=C(N21)Cl)N	83870161	IZVJCAPAZBLWQG-UHFFFAOYSA-N	C9H11ClN4
CC1=CN2C(=NC(=N2)CCN)C(=C1)Cl	83966969	AMROUMDMLJYYJL-UHFFFAOYSA-N	C9H11ClN4
CC1=C(C=C(C=C1)Cl)NCCN=[N+]=[N-]	150110477	DXDDOTFQJRMNJO-UHFFFAOYSA-N	C9H11ClN4
C1C2CNC1CN2C3=CC(=NC=N3)Cl	44427087	BIWZTDZVOSCHFX-UHFFFAOYSA-N	C9H11ClN4
C1CN=C(N1)CNC2=C(C=CC=N2)Cl	13473158	QAEJTJVLPYLVIO-UHFFFAOYSA-N	C9H11ClN4
C1=CC=C(C(=C1)CN)N2C=NC=N2.Cl	21069778	PDVACKLOQCRJBH-UHFFFAOYSA-N	C9H11ClN4
CC1=NN(C=C1)C2=C(C(=NN2C)C)Cl	147984380	ITVRZFJWMCVOIM-UHFFFAOYSA-N	C9H11ClN4
CC(C)(C)C1=C(C=C(C=N1)N=[N+]=[N-])Cl	150965714	LNARBKZEVGTRFG-UHFFFAOYSA-N	C9H11ClN4
CC1=C2C(=NN(C2=NC(=C1Cl)C)C)N	1510619	QBFNOAJVOLFBAF-UHFFFAOYSA-N	C9H11ClN4
CC(C1=NN2C=C(C=NC2=C1)Cl)NC	84723261	GWOSZRAIEAETLO-UHFFFAOYSA-N	C9H11ClN4
CNCC1=CN=C2C(=C1Cl)C=NN2C	83885316	SWHCSGXATMUUGI-UHFFFAOYSA-N	C9H11ClN4
CN(C)C1=CC2=C(N=C(N2C=C1)N)Cl	83885309	JAJAXPRSIDWXEW-UHFFFAOYSA-N	C9H11ClN4
CCN(CCC#N)C1=NC=C(C=N1)Cl	71971634	ODQNZMCPEVCXHA-UHFFFAOYSA-N	C9H11ClN4
C1=CC2=C(N=C(N2C(=C1)N)CCN)Cl	117253200	WEPPHGVDXVMRFB-UHFFFAOYSA-N	C9H11ClN4
CNCCC1=C(N2C=CN=CC2=N1)Cl	84026363	ANHZKMUQNHHFEE-UHFFFAOYSA-N	C9H11ClN4
CCN1C=CC(=N1)N2C=CC(=N2)CCl	130495661	RWQIGAKMSVGVIS-UHFFFAOYSA-N	C9H11ClN4
C1C2C(C2NC3=NC=C(C=N3)Cl)CN1	81677545	JREWJLOSYRJOOK-UHFFFAOYSA-N	C9H11ClN4
C1=CC2=NN=C(N2C(=C1)Cl)CCCN	82343030	KYXGLQHFQJSVFZ-UHFFFAOYSA-N	C9H11ClN4
CC1=C(C(=CC=C1)/C=N/N=C(N)N)Cl	118626494	VVJBNAXSDUKBCE-WLRTZDKTSA-N	C9H11ClN4
C#CCCCNC1=CC(=NC(=N1)N)Cl	103704491	IYJLZSWURWIDKI-UHFFFAOYSA-N	C9H11ClN4
C1=CC=C(C(=C1)NN)N2C=CC=N2.Cl	122640438	CPUWYOUBNOQFJO-UHFFFAOYSA-N	C9H11ClN4
CC(CN)C1=C(C=C(C=C1)N=[N+]=[N-])Cl	151227998	NNRGMYGTCKOGPL-UHFFFAOYSA-N	C9H11ClN4
CC(C)(C1=C(C=CC=C1Cl)N)N=[N+]=[N-]	152633475	ZEAJCIJTMHZASL-UHFFFAOYSA-N	C9H11ClN4
CC1=NN(C2=NC(=NC=C12)Cl)C(C)C	155365373	UBGYCJQIGNSXAU-UHFFFAOYSA-N	C9H11ClN4
CN1C=C(C2=C1N=CC=C2)C(=N)N.Cl	146502907	AOSGEROWTMUVDR-UHFFFAOYSA-N	C9H11ClN4
C1=CN2C(=NN=C2CCCN)C=C1Cl	105464619	JZMNJENMGZJCRB-UHFFFAOYSA-N	C9H11ClN4
CC1=NN2C(=CC(=NC2=N1)C(C)C)Cl	81592173	ONFFLKVESGSYAX-UHFFFAOYSA-N	C9H11ClN4
CC(CC1=NN2C(=N1)C=CC=C2Cl)N	83870106	XGJFCBHYOLCSDP-UHFFFAOYSA-N	C9H11ClN4
CC(C)N1C2=C(C(=NC=C2)Cl)N=C1N	105464620	IZSIGYOFHFOYTL-UHFFFAOYSA-N	C9H11ClN4
CC1=CC(=CC=C1)C=NN/C(=N/Cl)/N	140303230	NQXBOXYXYCBCJS-UHFFFAOYSA-N	C9H11ClN4
CN(C)CC1=C(C(=CC=C1)Cl)N=[N+]=[N-]	151795919	RXPBEHVDZHENQH-UHFFFAOYSA-N	C9H11ClN4
CC1=C(C(=NN1C)C2=NN(C=C2)C)Cl	147836721	HSDVKEQIPUOMSL-UHFFFAOYSA-N	C9H11ClN4
CN(C1=C(C=C(C=N1)N)Cl)/N=C/C=C	153123074	VVGHQPOCDFFVSL-YIXHJXPBSA-N	C9H11ClN4
C1C=CCC1NC2=NC=NC(=C2Cl)N	106812269	PHDJNBOSCWMWMJ-UHFFFAOYSA-N	C9H11ClN4
C1=CC(=NC=C1CCCCN=[N+]=[N-])Cl	152100530	VBDQPCABTMQOBD-UHFFFAOYSA-N	C9H11ClN4
C1=CC(=CC(=C1)Cl)C[C@@H](CN=[N+]=[N-])N	152646535	ZGQQWRCMTVTIPN-VIFPVBQESA-N	C9H11ClN4
C1CN=C(N1)NC2=C(C=CC=C2Cl)N	125426363	IBNKGKSDADFKOL-UHFFFAOYSA-N	C9H11ClN4
CC(C)(C)N1C2=C(C=N1)C(=NC=N2)Cl	43154807	BVJFFNHUTCJYSS-UHFFFAOYSA-N	C9H11ClN4
CC1=CN2C(=NC(=N2)C(C)N)C(=C1)Cl	83966968	IRLPKCZVRULJIO-UHFFFAOYSA-N	C9H11ClN4
C/C(=C\N(C)N=C)/C1=NN=C(C=C1)Cl	143496112	QZZXNXWWOBIADO-VOTSOKGWSA-N	C9H11ClN4
CC1CN(N=C1N)C2=NC=C(C=C2)Cl	20228179	FKCDULJMOFQRKG-UHFFFAOYSA-N	C9H11ClN4
C1=CC(=CC=C1NCCCN=[N+]=[N-])Cl	151158033	MZQVSRZEBHQTSW-UHFFFAOYSA-N	C9H11ClN4
C1C2=C(CN(N1)C(=N)N)C(=CC=C2)Cl	153857873	VJOXLMZPTRCNLR-UHFFFAOYSA-N	C9H11ClN4
CC(C1=NC(=C2N1C=CC(=C2)N)Cl)N	117254277	XIHAAFHANPVGRI-UHFFFAOYSA-N	C9H11ClN4
C1=CC2=NN(N=C2C=C1Cl)CCCN	83968947	KOOLQGXDYHMWFO-UHFFFAOYSA-N	C9H11ClN4
CC(CN(C)C1=NC=CN=C1Cl)C#N	61696211	RLKCOHOLQINCNR-UHFFFAOYSA-N	C9H11ClN4
CCCCN1C=NC2=CN=C(N=C21)Cl	151274812	NXDCWUIJNDQFAD-UHFFFAOYSA-N	C9H11ClN4
C1CC2C(C1)C2C3=NC(=NC(=N3)Cl)N	83240921	DQSBRNVTTIPJOG-UHFFFAOYSA-N	C9H11ClN4
C1=CC=C(C=C1)NC2=NNC(=C2)N.Cl	129789747	RDBZFYMPGLBXFK-UHFFFAOYSA-N	C9H11ClN4
CC(C)N1C2=NC=CC(=C2N=C1Cl)N	84063632	FHNYVLGETTYVPD-UHFFFAOYSA-N	C9H11ClN4
CCCCC1=NC2=NC=NN2C(=C1)Cl	85741155	FNJPIUDSURIRLU-UHFFFAOYSA-N	C9H11ClN4
C1=CC2=C(C(=C1)Cl)N=C(N2CCN)N	84781386	OMLOTEDGFGWLNO-UHFFFAOYSA-N	C9H11ClN4
CC(C1=CC=C(C=C1)Cl)NCN=[N+]=[N-]	149764710	BFYXIUOEFHVNJD-UHFFFAOYSA-N	C9H11ClN4
CC1=NC2=C(C(=N1)Cl)NC(=N2)C(C)C	130006750	ZNWJOQFIQWWNCS-UHFFFAOYSA-N	C9H11ClN4
C1CC1(CC#N)CN2C=C(C(=N2)N)Cl	65498401	YZQXGSFCHWFHHL-UHFFFAOYSA-N	C9H11ClN4
CC(C)C1=C(N2C=C(C=NC2=N1)Cl)N	83774088	MNTNWLWDBVKUCM-UHFFFAOYSA-N	C9H11ClN4
C1CC(C1)N2C3=C(CN=C(N3)Cl)C=N2	136921555	VTMZIDFDCYCMQR-UHFFFAOYSA-N	C9H11ClN4
CC(C)(C)C1=CC(=NC=C1Cl)N=[N+]=[N-]	150735631	JSTNTXPQWPJTPX-UHFFFAOYSA-N	C9H11ClN4
CCCC1=NN(C2=C1N=CN=C2Cl)C	141034365	YHWFBOJTMSRNLO-UHFFFAOYSA-N	C9H11ClN4
C1CC(=NC=C1CC2=CN=C(N2)N)Cl	24838947	FWMJSQDDGBNYFY-UHFFFAOYSA-N	C9H11ClN4
CN(C)CC1=C(C=CC(=C1)Cl)N=[N+]=[N-]	150502394	HYCACAMSEVWYGK-UHFFFAOYSA-N	C9H11ClN4
CC.C1=CC=C(C=C1)N2C(=NN=N2)Cl	91427751	CGYNKDBBCVSYAJ-UHFFFAOYSA-N	C9H11ClN4
CCCCC1=NC2=C(C=NN2C=N1)Cl	22115416	JJTXVTRVBNVWPO-UHFFFAOYSA-N	C9H11ClN4
CNC1=CC=C(C=C1)C2=NC=NN2.Cl	69278992	SCHCMQUDASNBKF-UHFFFAOYSA-N	C9H11ClN4
C1CN=C(N1)NC2=C(C=CC(=C2)Cl)N	85935706	SJTQBAFIMBEVPZ-UHFFFAOYSA-N	C9H11ClN4
CN(C)N1C2=C(C=CC=C2Cl)N=C1N	83018882	XSUIQSFXQSWQMS-UHFFFAOYSA-N	C9H11ClN4
CC(C1=C(C=CC=C1Cl)CN)N=[N+]=[N-]	152608096	YYYABIPHELJIIG-UHFFFAOYSA-N	C9H11ClN4
CCCC1=NC2=C(N1)C(=NC(=N2)C)Cl	130006751	NEGWCDBPVJDRCB-UHFFFAOYSA-N	C9H11ClN4
CNCCC1=CN2C=C(N=CC2=N1)Cl	84678092	RTPFAHXRNOSSAB-UHFFFAOYSA-N	C9H11ClN4
C1CN(C1)C2=NC(=NC3=C2CNC3)Cl	117101429	RTENGJDPQDTJGA-UHFFFAOYSA-N	C9H11ClN4
CC(C)C1=CC=C2N1N=C(N=C2N)Cl	130443630	UUHJVGIFMYAKGV-UHFFFAOYSA-N	C9H11ClN4
CCCC1=NC2=NC(=NC(=C2N1)C)Cl	19012212	NERRHKPGKALZSI-UHFFFAOYSA-N	C9H11ClN4
CCCC1=C(C=C(C=C1)NN=[N+]=[N-])Cl	150530728	IDTYGMUXCYMEAB-UHFFFAOYSA-N	C9H11ClN4
CCN(CCC#N)C1=NC=NC=C1Cl	105368942	IDEAKUAKLZILMM-UHFFFAOYSA-N	C9H11ClN4
CC(C)CC1=C2C(=NN1)C(=NC=N2)Cl	71749539	LIDTUXAZDFRDOC-UHFFFAOYSA-N	C9H11ClN4
CCCCC1=C2C=NNC2=NC(=N1)Cl	106659248	LFTWVTKOZUCMFZ-UHFFFAOYSA-N	C9H11ClN4
C.C1=CC(=CC(=C1)Cl)C2=NC(=NN2)N	144616916	DECBIPMYTCKCLU-UHFFFAOYSA-N	C9H11ClN4
CNCC1=NC(=C(N1)Cl)C2=CC=CN2	84122066	UFUFVAURFGQCDA-UHFFFAOYSA-N	C9H11ClN4
CC1=C(C(=CC=C1)/C=N\N=C(N)N)Cl	153690638	VVJBNAXSDUKBCE-ACAGNQJTSA-N	C9H11ClN4
CCNCC1=NN2C=CC(=CC2=N1)Cl	116990199	VKXBLKCTFUDKKX-UHFFFAOYSA-N	C9H11ClN4
C1=CC(=C(C=C1Cl)N)CCCN=[N+]=[N-]	150729418	JRNJAHQETSONJI-UHFFFAOYSA-N	C9H11ClN4
C/C=N\N(C1=C(C=C(C=N1)C)Cl)N=C	142491543	NDPXYVFSDPUSEK-PQMHYQBVSA-N	C9H11ClN4
CN1C=CC(=N1)CN2C=C(C=N2)CCl	82872121	GSTDXJBZRJOODN-UHFFFAOYSA-N	C9H11ClN4
C1=CC=C(C=C1)NC2C=CNN(N2)Cl	20065360	GPXGZMSPVNJSLV-UHFFFAOYSA-N	C9H11ClN4
C1=CC=C(C=C1)C(C2=NC=NN2)N.Cl	71758333	DABFFDNQUGVZSG-UHFFFAOYSA-N	C9H11ClN4
[2H]N([2H])C1=NCCN1CC2=CN=C(C=C2)Cl	138396226	UEQZFAGVRGWPDK-ZSJDYOACSA-N	C9H11ClN4
C1=CN=C(C(=C1C#N)Cl)NCCCN	107059328	FXFDWQYYPFPPDG-UHFFFAOYSA-N	C9H11ClN4
CCN(CC1=CC(=CC=C1)Cl)N=[N+]=[N-]	152596286	YWNVLXCFTHJHEC-UHFFFAOYSA-N	C9H11ClN4
CN(C)C1=C(C(=CC=C1)Cl)CN=[N+]=[N-]	117109107	GNZLCSAJUJJMFC-UHFFFAOYSA-N	C9H11ClN4
CN(CCC#N)C1=C(C=NC=C1N)Cl	130520365	YOUOZNHXOGNSQB-UHFFFAOYSA-N	C9H11ClN4
[2H]C1=C(C(=C(C(=C1C([2H])([2H])N2C=NC=N2)[2H])[2H])N)[2H].Cl	88088666	FEDYLAMMQSHIOY-UNJHBGEESA-N	C9H11ClN4
CC(C1=CC(=C(C=C1)Cl)CN)N=[N+]=[N-]	150757211	JXCGHQBNKBFFEG-UHFFFAOYSA-N	C9H11ClN4
CN1C(=NC(=C1Cl)C2=CC=CN2)CN	84122070	QWTKCOGPZREZDY-UHFFFAOYSA-N	C9H11ClN4
CC(C)(C)C1=NC=C2C(=N1)N=C(N2)Cl	150683990	JILQKBCEYDQLRE-UHFFFAOYSA-N	C9H11ClN4
C1C2CNC1C2NC3=NC=NC=C3Cl	130787726	CJZLDTAUHCJZNZ-UHFFFAOYSA-N	C9H11ClN4
CC1=C(C=CC2=C1N(C(=N2)NN)C)Cl	84621451	OVRDLFPJFVHMBQ-UHFFFAOYSA-N	C9H11ClN4
CCCC1=NN=C2N1C=C(C=C2N)Cl	39080038	WZDOXIFQOLFGIF-UHFFFAOYSA-N	C9H11ClN4
CC(C1=C2N=CC(=CN2N=C1)Cl)NC	84723257	WFXORWHOQYYTQF-UHFFFAOYSA-N	C9H11ClN4
C1=CC(=CC(=C1)N)C2=CN=C(N2)N.Cl	68894622	BHUSLUMDTAUXKO-UHFFFAOYSA-N	C9H11ClN4
CC(C)(C1=NN2C=C(C=CC2=N1)Cl)N	116990089	KEEUKVPCKHUKKF-UHFFFAOYSA-N	C9H11ClN4
CC1=CN(C=N1)C2=NN(C(=C2Cl)C)C	70967678	MWSGJEFHXCPUFI-UHFFFAOYSA-N	C9H11ClN4
C/C(=N\N=C(N)N)/C1=CC(=CC=C1)Cl	9707426	KZWOILLLEJJMPT-AWNIVKPZSA-N	C9H11ClN4
CCCN1C2=C(C=N1)C(=NC(=N2)C)Cl	61264355	ODFGEXYNGXFXKC-UHFFFAOYSA-N	C9H11ClN4
C1CC1N=C(C2=C(C=NC=C2)Cl)NN	66474881	QZMUCHPFQFKJFH-UHFFFAOYSA-N	C9H11ClN4
CC(C)C1=C(C=NC2=CC(=NN21)Cl)N	118540130	LQWKTSACFYEHAU-UHFFFAOYSA-N	C9H11ClN4
C/C(=N/N=C(N)N)/C1=CC=CC=C1Cl	21951833	PGIJYSCKAWTFNG-MLPAPPSSSA-N	C9H11ClN4
CC1=C(C=CC=C1Cl)N2CN(N=N2)C	131991595	HONMPNXVUOBBQE-UHFFFAOYSA-N	C9H11ClN4
C1=CN(C=N1)CCN2C=NC=C2CCl	66149785	WBAYFDZREFKQST-UHFFFAOYSA-N	C9H11ClN4
CCCCC1=NC2=NC(=NC=C2N1)Cl	21749290	RYBBVQPUTJWFKV-UHFFFAOYSA-N	C9H11ClN4
CC(CNC1=NC=CN2C1=CC=N2)Cl	104733913	CZROZTUHGANPCA-UHFFFAOYSA-N	C9H11ClN4
CCN(CC)C1=NC(=NC=C1C#N)Cl	22390667	GUFAICNCBOVCFK-UHFFFAOYSA-N	C9H11ClN4
C1=CC=C2C(=C1)NC(=N2)CC(=N)N.Cl	82021491	PTMOKZDLDJTWCZ-UHFFFAOYSA-N	C9H11ClN4
C1CNCC2=NC3=CC=NN3C=C21.Cl	66861076	WWUMFIGBDLXSPM-UHFFFAOYSA-N	C9H11ClN4
CC(C1=CC=C(C=C1)Cl)N(C)N=[N+]=[N-]	152025285	ULORXCRCWPJKEB-UHFFFAOYSA-N	C9H11ClN4
CC(CN(C)C1=CN=CC(=N1)Cl)C#N	61696210	DDDHRSBIWIXXOR-UHFFFAOYSA-N	C9H11ClN4
C1CNCC2=CN3C(=CC=N3)N=C21.Cl	49761358	RIRVNTBSFPMZEL-UHFFFAOYSA-N	C9H11ClN4
CN1CC(=C)N(C2=CN=C(N=C21)Cl)C	59657429	PTAVNAZGEJRUPW-UHFFFAOYSA-N	C9H11ClN4
CC1=NC(=CC(=N1)Cl)NC[C@H](C)C#N	96566749	WIGFVAFFBMNSDA-ZCFIWIBFSA-N	C9H11ClN4
CC(CN=[N+]=[N-])C1=CC(=C(C=C1)N)Cl	151144048	MWUULSJORPHNBS-UHFFFAOYSA-N	C9H11ClN4
C1=CC(=CC=C1C2=C(C=NN2)N)N.Cl	13303420	MSNHGEKVELPWGR-UHFFFAOYSA-N	C9H11ClN4
CC1=NN(C(=C1Cl)CN2C=CN=C2)C	65872625	MVBVHVZXRBOYEJ-UHFFFAOYSA-N	C9H11ClN4
CC(C)(C)C1=NC=C(C(=C1)Cl)N=[N+]=[N-]	149823917	BRSZYKLEXFNITB-UHFFFAOYSA-N	C9H11ClN4
CCNC1=CC(=C(C=C1)CN=[N+]=[N-])Cl	152076385	UVUNUVMINMCGLV-UHFFFAOYSA-N	C9H11ClN4
C1=CC=C(C=C1)CN(CCCl)N=[N+]=[N-]	150383629	HAGFWOIPEYDLCU-UHFFFAOYSA-N	C9H11ClN4
C1C(CN1)C2(CC(=CC=C2)Cl)N=[N+]=[N-]	151240554	NQFGDWUPDLGSOR-UHFFFAOYSA-N	C9H11ClN4
CCCCN1C=NC2=C1N=CN=C2Cl	227574	FDRPGDDGRMEJSU-UHFFFAOYSA-N	C9H11ClN4
CNCC1=C(C=C(C=C1)Cl)CN=[N+]=[N-]	152501817	YDPXGBYBITVHNX-UHFFFAOYSA-N	C9H11ClN4
CC(CC#C)NC1=C(C(=NC=N1)Cl)N	108375893	ZQMHWLRZZXVKRC-UHFFFAOYSA-N	C9H11ClN4
CC1=NN(C=C1)C2=NN(C(=C2Cl)C)C	70967677	ZEHVMDVVYXOIDB-UHFFFAOYSA-N	C9H11ClN4
CC1=C(C(=CC=C1)Cl)C=NN=C(N)N	73735821	KIJLIUDZRBGNIN-UHFFFAOYSA-N	C9H11ClN4
CN1C(=NC2=C1N=CC(=C2)Cl)CCN	83885308	RCTIDZABFRNURI-UHFFFAOYSA-N	C9H11ClN4
C1CC1N(C2CC2)C3=NC(=NC=N3)Cl	88786047	NRZRJPBBLUUCQV-UHFFFAOYSA-N	C9H11ClN4
CCCN1C2=C(C=CC(=N2)Cl)N=C1N	90447781	HSKBHJYREUBYAU-UHFFFAOYSA-N	C9H11ClN4
C1=CC2=NC(=NN2C(=C1)Cl)CCCN	83966996	KXQAGDJKCFUCQI-UHFFFAOYSA-N	C9H11ClN4
C1=CC=C(C=C1)CNN2C=CN(N2)Cl	90890872	QNZDQEDENUGKHY-UHFFFAOYSA-N	C9H11ClN4
CC(C(C1=CC=C(C=C1)Cl)N=[N+]=[N-])N	151677317	QZUJBJBOQWROBI-UHFFFAOYSA-N	C9H11ClN4
CC1=CC(=C(C=C1)/C=N/N=C(N)N)Cl	118626500	ICYGCJUOGQGKJK-WLRTZDKTSA-N	C9H11ClN4
CC1=CC(=NC(=C1N=[N+]=[N-])CCCl)C	150526565	ICYAYMDWDBALCL-UHFFFAOYSA-N	C9H11ClN4
CC(C)(C)C1=NN2C(=C1)N=CN=C2Cl	71741795	HTCTWYWOBUVGME-UHFFFAOYSA-N	C9H11ClN4
CC1=C(N=CN=C1Cl)N(C)CCC#N	63735239	VTYIRLFYHKQEJG-UHFFFAOYSA-N	C9H11ClN4
CC(C)C1=NN=C2N1C(=CC=C2N)Cl	82343038	IXOUUPKANMPOCI-UHFFFAOYSA-N	C9H11ClN4
CC12C(C1N)CN2C3=CC(=NN=C3)Cl	148198198	KHOYPIWYYNYEPB-UHFFFAOYSA-N	C9H11ClN4
C1=CC(=CC=C1CN2C(=CNN2)N)Cl	117652045	BYYKVNVRQOOFOZ-UHFFFAOYSA-N	C9H11ClN4
CC.CC1=NC(=NC2=NC=CN=C12)Cl	144858509	YAIHRBGEXUTOCQ-UHFFFAOYSA-N	C9H11ClN4
CCCN1C=NC2=C1C(=NC(=N2)C)Cl	132587961	QYPJIFCGDSNJPG-UHFFFAOYSA-N	C9H11ClN4
C1=CC=C(C(=C1)C[C@@H](CN=[N+]=[N-])N)Cl	150735047	JSQPSRGGOZUNDG-QMMMGPOBSA-N	C9H11ClN4
C=CCN(CC=C)C1=NC(=NC=N1)Cl	19739695	MIKSZIDZCLDKML-UHFFFAOYSA-N	C9H11ClN4
CC(CC#N)N(C)C1=NN=C(C=C1)Cl	63228569	GDKJPHFTDPJKSZ-UHFFFAOYSA-N	C9H11ClN4
C1=CC=C(C=C1)/C(=N/N=C(N)N)/CCl	133682016	RLSYHTQZQBNAPZ-MDWZMJQESA-N	C9H11ClN4
CCCCC1=NC2=C(C(=N1)Cl)NC=N2	117679323	OKRWAKMPMGSYKM-UHFFFAOYSA-N	C9H11ClN4
C1=C(C=NC=C1Cl)CCCCN=[N+]=[N-]	150904175	LAPXCERBYFGEPL-UHFFFAOYSA-N	C9H11ClN4
CN=C/C(=C\N)/C1=C(C=C(C=N1)N)Cl	145596382	NOOFTZWJQXXBJN-MBDCOEAPSA-N	C9H11ClN4
CC(C1=NC=CN2C1=NN=C2)C(C)Cl	64371199	VDQSHDBQNVVBNT-UHFFFAOYSA-N	C9H11ClN4
CC(C)NC1=NC(=CN2C1=NC=C2)Cl	84678104	VGLLZOWMHPHECQ-UHFFFAOYSA-N	C9H11ClN4
C/C(=N/N=C(N)N)/C1=CC=C(C=C1)Cl	5474372	NBHBAGUAKHKQAS-MLPAPPSSSA-N	C9H11ClN4
C1=CN2C(=C(C(=N2)CCCN)Cl)N=C1	84678101	SYQJQFMMEFJNAI-UHFFFAOYSA-N	C9H11ClN4
C1=CC=C(C=C1)N2C=NC(=N2)CN.Cl	119056990	RTDDQHRFRCKEET-UHFFFAOYSA-N	C9H11ClN4
C1CC1NC2=NC(=NC3=C2CNC3)Cl	117101425	PQDBTEVCHQJZJO-UHFFFAOYSA-N	C9H11ClN4
C1=CC(=CC(=C1)C2=NC=NN2)CN.Cl	54593595	YFJIAWBAAOBFCP-UHFFFAOYSA-N	C9H11ClN4
C1CN(CC=C1)C2=NC=NC(=C2Cl)N	106812367	PSAJPSKWVOBKQQ-UHFFFAOYSA-N	C9H11ClN4
C1=CC(=CC=C1C[C@@H](CN=[N+]=[N-])N)Cl	151595526	QJJWXDAJJMGYFU-VIFPVBQESA-N	C9H11ClN4
CCCNC1=CC(=C(C=C1)N=[N+]=[N-])Cl	150809561	KHPHXHFQARUIIA-UHFFFAOYSA-N	C9H11ClN4
CC1=CC(=CC2=C1N(C(=N2)NN)C)Cl	84621453	ZGUNKSFJKLBKIK-UHFFFAOYSA-N	C9H11ClN4
C1C2CN(C1C2N)C3=NC=C(C=N3)Cl	130941512	YZXFYCDEXOEJBM-UHFFFAOYSA-N	C9H11ClN4
CC(C)N1C2=C(C=C(C(=C2)Cl)N)N=N1	83834922	SZRYQHITOYOIRN-UHFFFAOYSA-N	C9H11ClN4
CN1C(=NC(=C1C2=CC=CN2)Cl)CN	84122064	VHBDDGMLGIUDLA-UHFFFAOYSA-N	C9H11ClN4
CCCCNC1=NC(=NC=C1C#N)Cl	22390630	LUVZGTCTNBCXBZ-UHFFFAOYSA-N	C9H11ClN4
CNCCC1=CC=C2N1N=CN=C2Cl	112713875	UUALNWBIFVBVDU-UHFFFAOYSA-N	C9H11ClN4
CCN(CC#C)C1=C(C(=NC=N1)Cl)N	108375801	JIXBCCYJWOIVGG-UHFFFAOYSA-N	C9H11ClN4
CCC1=NC(=CC(=N1)Cl)NC(=C)N=C	58804900	UXVLJPJKOHLIDF-UHFFFAOYSA-N	C9H11ClN4
CC(C)(C)C1=NC2=C(N1)C(=NC=N2)Cl	119091203	OZYYUDBRHGGDRX-UHFFFAOYSA-N	C9H11ClN4
C1CN(C2=C1C=C(C=C2)Cl)N=C(N)N	119091989	NQOCACZMYACTBR-UHFFFAOYSA-N	C9H11ClN4
C1=CC(=CC=C1C(CN)CN=[N+]=[N-])Cl	152675056	ZMIUGDORQHGRAW-UHFFFAOYSA-N	C9H11ClN4
CC(CCl)(N1C=CC=N1)N2C=CC=N2	129985632	KRLXETLMQJJRAM-UHFFFAOYSA-N	C9H11ClN4
CC1=CC=NN1CC2=NC=C(N2C)Cl	64452735	KYJCXTWJAYLJKZ-UHFFFAOYSA-N	C9H11ClN4
CC(C)N1C2=C(C=C(C=N2)Cl)N=C1N	81662008	XWJXQZXSBJXSPQ-UHFFFAOYSA-N	C9H11ClN4
C1C(CN1)C2=NN=C3N2C=CC=C3.Cl	139271493	XSFHWBKQTCZOSK-UHFFFAOYSA-N	C9H11ClN4
C1=CC(=NC=C1Cl)CCCCN=[N+]=[N-]	150491158	HVVCCBYMUPYVGK-UHFFFAOYSA-N	C9H11ClN4
C1CC1N=C(C2=NC=C(C=C2)Cl)NN	64410799	VYGUQTCKYRFTNQ-UHFFFAOYSA-N	C9H11ClN4
C1=CC=C(C=C1)N2C=C(N=C2)NN.Cl	130431156	VBHGIOJIMJHZME-UHFFFAOYSA-N	C9H11ClN4
CCC(C)(C1=NC(=CC=C1)Cl)N=[N+]=[N-]	150649109	JBMNCEXIPBBBSO-UHFFFAOYSA-N	C9H11ClN4
CC1=NC2=C(C(=NN2C(=C1)Cl)C)CN	82508226	ZYMXCFBVYQDZAT-UHFFFAOYSA-N	C9H11ClN4
CN(C)C1=C(C=CC(=C1)CN=[N+]=[N-])Cl	117109225	MKYIPTMLRJECJW-UHFFFAOYSA-N	C9H11ClN4
C1=CC=C(C=C1)CN2C(=CN=N2)N.Cl	122360079	KDYNTLQERSSYIX-UHFFFAOYSA-N	C9H11ClN4
CC(C)C1=CC=C(C=C1)N(N=[N+]=[N-])Cl	152026942	ULXDKJUVEPPCQO-UHFFFAOYSA-N	C9H11ClN4
CCC(C)N1C2=C(C=N1)N=CN=C2Cl	123444247	XDPQBHJCVQNFIG-UHFFFAOYSA-N	C9H11ClN4
C1=CC(=NN2C1=NC(=C2)CCCN)Cl	84678098	XCDWAHYAFCSQCF-UHFFFAOYSA-N	C9H11ClN4
CC(C)NC1=CC(=NC2=C1NC=N2)Cl	153379522	YHDVTSXBGXURSU-UHFFFAOYSA-N	C9H11ClN4
C1=CC(=NC2=C1NC(=N2)CCCN)Cl	130448122	ZRKNZCYENYPNBD-UHFFFAOYSA-N	C9H11ClN4
CC1=NC=CN1CC2=NC=C(N2C)Cl	60731891	WBGZARYUMHLFBZ-UHFFFAOYSA-N	C9H11ClN4
CC1=CC2=C(C(=C1)Cl)N(C(=N2)NN)C	84621455	XTRUTZHGBSYXRU-UHFFFAOYSA-N	C9H11ClN4
C1=CN2C(=CC=N2)N=C1NCCCCl	115373198	BWDLCIWCNMBKBG-UHFFFAOYSA-N	C9H11ClN4
CC(CC1=NN=C2N1C=C(C=C2)Cl)N	83870124	ZCKPMIMNYAXICV-UHFFFAOYSA-N	C9H11ClN4
CN1CCN=C(N1)C2=CN=C(C=C2)Cl	153723611	YWXIXUZHIZNTRJ-UHFFFAOYSA-N	C9H11ClN4
CC1=NC(=[N+](N1)C2=CC=CC=C2)N.[Cl-]	136679843	RWHUQHUMYBBGBR-UHFFFAOYSA-N	C9H11ClN4
CC1=CC(=C(C=C1)C=NN=C(N)N)Cl	140788354	ICYGCJUOGQGKJK-UHFFFAOYSA-N	C9H11ClN4
CC1CCC2=C(N=C1)N=C(N=C2Cl)N	123549502	VDFOJYDWILCOOV-UHFFFAOYSA-N	C9H11ClN4
CNCCC1=C2N=CC(=CN2N=C1)Cl	84723255	GKQPBIZPILZQMV-UHFFFAOYSA-N	C9H11ClN4
CC(C)N1C2=C(C=CC(=N2)Cl)N=C1N	90447782	OVXDJYGIBVNVBA-UHFFFAOYSA-N	C9H11ClN4
C1=CC(=CC(=C1)Cl)C(CCN=[N+]=[N-])N	149728647	AYRYOPSZIHGSHE-UHFFFAOYSA-N	C9H11ClN4
CC(C)NC1=CC(=C(C=C1)N=[N+]=[N-])Cl	150439718	HLMZQHXRKGOHAZ-UHFFFAOYSA-N	C9H11ClN4
CC1=NN(C2=C1C=C(C(=N2)Cl)CN)C	130652726	PMMDQZWGBDBVON-UHFFFAOYSA-N	C9H11ClN4
CNNC1=NN=CC2=CC=CC=C21.Cl	129791793	QKXVJTHSKZKUSS-UHFFFAOYSA-N	C9H11ClN4
CCN(C1=NC(=C(C(=C1)C)C#N)Cl)N	16763431	OKXZKNLOHVUUPV-UHFFFAOYSA-N	C9H11ClN4
CC1=C(C=CC(=C1)Cl)NC(C)N=[N+]=[N-]	151903725	STHNADQEXRVBKM-UHFFFAOYSA-N	C9H11ClN4
C1=CC=C(C=C1)C(N)N2C=CN=N2.Cl	69633174	AZJWNWJIIQIIDC-UHFFFAOYSA-N	C9H11ClN4
C/C(=N/N=C(N)N)/C1=CC(=CC=C1)Cl	5874264	KZWOILLLEJJMPT-MLPAPPSSSA-N	C9H11ClN4
CC(C)(C#C)NC1=C(C(=NC=N1)Cl)N	108375328	NKEQFAGNSCFQSD-UHFFFAOYSA-N	C9H11ClN4
CC1=C(N2C(=C(C=N2)CN)N=C1C)Cl	82508227	RCNDUXNYWVPVRZ-UHFFFAOYSA-N	C9H11ClN4
CC(CC#N)N(C)C1=CC(=NC=N1)Cl	63228370	YWDFHLZXJUQSRM-UHFFFAOYSA-N	C9H11ClN4
CCN(CC1=CC=CC=C1Cl)N=[N+]=[N-]	150106101	DWGPYQXDPOSPLE-UHFFFAOYSA-N	C9H11ClN4
CC(C)CC1=NC2=NC=NN2C(=C1)Cl	80437588	ZPDOOPSYVGPBES-UHFFFAOYSA-N	C9H11ClN4
CC1=CC=NN1C2=NN(C(=C2Cl)C)C	70967750	HRFRWCLJXITUEU-UHFFFAOYSA-N	C9H11ClN4
CC1=CC(=C(C(=C1)Cl)C(N)N=[N+]=[N-])C	150120136	DZBPDCHUSZGZOG-UHFFFAOYSA-N	C9H11ClN4
CC(C)N1C=CC2=C(N=C(N=C21)Cl)N	148284321	KVZWYSVIURBERH-UHFFFAOYSA-N	C9H11ClN4
CCC(C)N1C2=C(C=N1)C(=NC=N2)Cl	61270533	HIUMSUSQTXMMCE-UHFFFAOYSA-N	C9H11ClN4
CCN(CCC#N)C1=NC(=NC=C1)Cl	62342079	CSQMCNBADQKCGH-UHFFFAOYSA-N	C9H11ClN4
C1=CN(C=C1)C2=CC=CN2C(=N)N.Cl	89874945	DCHJZQNKPDRGDY-UHFFFAOYSA-N	C9H11ClN4
CCCN(C1=CC=C(C=C1)Cl)N=[N+]=[N-]	150948654	LJPSEKNVHZUJCH-UHFFFAOYSA-N	C9H11ClN4
CCC1=NC2=C(C(=N1)Cl)N(C=N2)CC	97627727	YMJHCWYXTMABTG-UHFFFAOYSA-N	C9H11ClN4
C1CNCC2=C1C=CC3=NNN=C23.Cl	14660292	ZKJSZGSSVAUBHQ-UHFFFAOYSA-N	C9H11ClN4
CC1=NN=C2N1C=C(C=C2N(C)C)Cl	68165996	IOFDSTSUGWWZSK-UHFFFAOYSA-N	C9H11ClN4
CN(CCC#N)C1=NC(=CC(=C1)N)Cl	104923666	MRFPWSWPFDYOFJ-UHFFFAOYSA-N	C9H11ClN4
C1=CC=C(C(=C1)CN)C2=NC=NN2.Cl	69401226	HXCPASFRRBGCBO-UHFFFAOYSA-N	C9H11ClN4
CC(C1=NC=C2N1C=CN=C2Cl)NC	145306196	UPSHAWNNUPFYLX-UHFFFAOYSA-N	C9H11ClN4
CN(C)CC1=NN=C2N1C=C(C=C2)Cl	117257121	CXFNOCSYGJZMRN-UHFFFAOYSA-N	C9H11ClN4
CCC1=C(N2C=C(C=C(C2=N1)N)Cl)N	141154180	YSPHACYPOWKWOA-UHFFFAOYSA-N	C9H11ClN4
C1=CC=C(C=C1)C2=NNC(=N2)CN.Cl	47002533	QHLKYMIYCFIAAG-UHFFFAOYSA-N	C9H11ClN4
CNC[C@H](C1=CC(=CC=C1)Cl)N=[N+]=[N-]	151167828	NBQIIPWRXPARAQ-SECBINFHSA-N	C9H11ClN4
CC(CC1=C2N=CC(=CN2N=C1)Cl)N	84723256	HBCVQGYMSCLUBT-UHFFFAOYSA-N	C9H11ClN4
CN(C)CC1=C(C=CC(=C1)N=[N+]=[N-])Cl	152012996	UJCBYSKNGMGYRB-UHFFFAOYSA-N	C9H11ClN4
CC(CNC1=NC2=CC=NN2C=C1)Cl	115373202	LUPGBQCNPSJQQB-UHFFFAOYSA-N	C9H11ClN4
CN(CCC#N)C1=NC=C(C=N1)CCl	104219074	KYNIFIFMRDWEAV-UHFFFAOYSA-N	C9H11ClN4
CC1=CC(=CC(=N1)C)C(CN=[N+]=[N-])Cl	152133218	VHQZDZDUSBKZLP-UHFFFAOYSA-N	C9H11ClN4
CC(CC1=CC=CN2C1=NN=C2Cl)N	83870134	WTBDNXSPXRSQDE-UHFFFAOYSA-N	C9H11ClN4
C1CN=C(N1)NNC2=CC=CC=C2Cl	50315	PSOGGZYJVRJPDO-UHFFFAOYSA-N	C9H11ClN4
CC1=CC(=CC2=C1N=C(N2C)NN)Cl	84621452	SZOKFANNKDSCDI-UHFFFAOYSA-N	C9H11ClN4
CCC(C#C)NC1=NC=NC(=C1Cl)N	106233087	QIJODMRKJMHCAH-UHFFFAOYSA-N	C9H11ClN4
CNC1CC(=NN1C2=CN=CC=C2)Cl	147492740	FFVWCBDGBBOXIK-UHFFFAOYSA-N	C9H11ClN4
C1CC(=NC1)NNC2=NC(=CC=C2)Cl	154685326	DPSFUJBGIGZREV-UHFFFAOYSA-N	C9H11ClN4
CCCC1=NN(C2=C1C(=NC=N2)Cl)C	129981173	BLADIOASAXCRLM-UHFFFAOYSA-N	C9H11ClN4
CN1C=CN=C1CN2C=NC=C2CCl	66150643	NHNHMNMNXGAVLW-UHFFFAOYSA-N	C9H11ClN4
CCC1=NC2=NC(=NN2C(=C1C)Cl)C	81591098	GAJSYSOOPTVMQE-UHFFFAOYSA-N	C9H11ClN4
C=C1CN(NC1N)C2=CC(=NC=C2)Cl	134516098	ZDHJZPDACVKPGV-UHFFFAOYSA-N	C9H11ClN4
CC(C)CNC1=NC(=NC=C1Cl)C#N	143419468	HJZXZXCBBBWORA-UHFFFAOYSA-N	C9H11ClN4
CN=C(N)N/N=C/C1=CC=CC=C1Cl	13451365	MXAGHGZFPPJEBD-AWNIVKPZSA-N	C9H11ClN4
C1=CC=C(C=C1)CCCN(N=[N+]=[N-])Cl	152139128	VIVJNWQVMAEZDV-UHFFFAOYSA-N	C9H11ClN4
CC(C)C1=NN(C2=C1C(=NC=N2)Cl)C	73012758	YUBBOBJNBLGPHC-UHFFFAOYSA-N	C9H11ClN4
C1CNN2C1=NC3=CNC=CC3=C2.Cl	145541408	MATREGFSDSGMLB-UHFFFAOYSA-N	C9H11ClN4
CC1=CN=CC(=C1C(CN=[N+]=[N-])Cl)C	151959405	TYIBBBIHCPWHEM-UHFFFAOYSA-N	C9H11ClN4
CC1=CC(=NN1C)CN2C=C(C=N2)Cl	71915414	GUTQKMRBFVGYDV-UHFFFAOYSA-N	C9H11ClN4
C1=CC=C(C(=C1)CCNCN=[N+]=[N-])Cl	152181250	VRHPZDIINALRRE-UHFFFAOYSA-N	C9H11ClN4
CNCCC1=CN2C(=CN=C2N=C1)Cl	83834923	XQDNLIKHKJZIPN-UHFFFAOYSA-N	C9H11ClN4
CCN(CCC#N)C1=NN=C(C=C1)Cl	61576138	FRIQQKBFRLIUIV-UHFFFAOYSA-N	C9H11ClN4
CNCCC1=NN2C=C(C=NC2=C1)Cl	84723259	PLFUMHLMPHCHBP-UHFFFAOYSA-N	C9H11ClN4
CCCC1(C2=NC=NC2=NC(=N1)C)Cl	151392423	OUSLYFVTKYVCTL-UHFFFAOYSA-N	C9H11ClN4
CN(C)C1=CC(=C(C=C1)N=[N+]=[N-])CCl	152208592	VWTMCGPTCAGHAK-UHFFFAOYSA-N	C9H11ClN4
C1=CN2C(=NC(=N2)CCCN)C=C1Cl	83966989	DSZIKIXKVAHTEF-UHFFFAOYSA-N	C9H11ClN4
C1C=CN(NN1)NC2=CC=CC=C2Cl	140977945	UNJUGGGDVNECFN-UHFFFAOYSA-N	C9H11ClN4
CC(C#C)N(C)C1=CC(=NC(=N1)N)Cl	130708143	PZGHHPURUSGKFV-UHFFFAOYSA-N	C9H11ClN4
CCCN1C=C2C(=N1)C(=NC(=N2)C)Cl	145224436	KGGNILNOZVDNBB-UHFFFAOYSA-N	C9H11ClN4
CC1=NN(C(=C1CN2C=CN=C2)Cl)C	60796343	RPBNYHNBKIWTFF-UHFFFAOYSA-N	C9H11ClN4
CCCC1=C(C=CC(=C1)Cl)NN=[N+]=[N-]	152374220	XEAUMEPJCPNHJR-UHFFFAOYSA-N	C9H11ClN4
CC1=C(C=C(C=C1)/C=N\N=C(N)N)Cl	130173926	NLOPYOKBZAGLKS-ACAGNQJTSA-N	C9H11ClN4
CCCC1=NC=C2N1C(=NC(=C2)Cl)N	13377346	UVDZJBHTOMBZRF-UHFFFAOYSA-N	C9H11ClN4
CC(=NC)C(=C(C1=CN=CN=C1)N)Cl	147810680	UHOHBWPBHVFXFP-UHFFFAOYSA-N	C9H11ClN4
CCC(C)(C1=CC(=NC=C1)Cl)N=[N+]=[N-]	151435198	PDIQVBBFZLRNRN-UHFFFAOYSA-N	C9H11ClN4
CC(CN)C1=CC=C2N1N=CN=C2Cl	83885311	KWJDYAJGBWLTOL-UHFFFAOYSA-N	C9H11ClN4
CC(CC1=NN2C=C(C=NC2=C1)Cl)N	84723260	RXUIIXKYFCQMIZ-UHFFFAOYSA-N	C9H11ClN4
C1=CC(=CC=C1[C@@H](CCN)N=[N+]=[N-])Cl	152403902	XJZKJZOKOGRLAU-SECBINFHSA-N	C9H11ClN4
CCCN(C)C1=CN=C(C(=N1)Cl)C#N	123842086	MHVDEKXWPOKICB-UHFFFAOYSA-N	C9H11ClN4
CN1C=CC2=C1C(=NC(=N2)Cl)N(C)C	129974424	WZIMDQXGYUVNHC-UHFFFAOYSA-N	C9H11ClN4
CCNC1=NN(C2=CC(=NC=C21)Cl)C	154027513	CLIFPXODLVTCKU-UHFFFAOYSA-N	C9H11ClN4
C1=CC(=C(N=C1)CN)N2C=CC=N2.Cl	119031551	RGWJQLKQRIMXQV-UHFFFAOYSA-N	C9H11ClN4
CC1=[N+](N=NN1C2=CC=CC=C2)C.[Cl-]	88712138	COANAWRHXBPIOM-UHFFFAOYSA-M	C9H11ClN4
CC(CN)C1=NN2C=C(C=CC2=N1)Cl	116990091	UVHDIOQHJAOYNP-UHFFFAOYSA-N	C9H11ClN4
CC1=CC=CC=C1C2=NC(=NN2)N.Cl	17389720	YSQHZTQFZVFLIX-UHFFFAOYSA-N	C9H11ClN4
C1=CC(=CC(=C1)Cl)[C@@H](CCN)N=[N+]=[N-]	149780854	BJDXILQAEPYKQC-SECBINFHSA-N	C9H11ClN4
CC1=NC(=CC(=N1)Cl)N(C)CCC#N	62483346	MVEUTOKWQZOHHA-UHFFFAOYSA-N	C9H11ClN4
CC1=NC(=CC(=N1)Cl)NCC(C)C#N	71983553	WIGFVAFFBMNSDA-UHFFFAOYSA-N	C9H11ClN4
CN(C)N1C2=C(C=NC=C2)N=C1CCl	83019429	BHTGCXKCOYDCSK-UHFFFAOYSA-N	C9H11ClN4
CN(CCC1=CC=C(C=C1)Cl)N=[N+]=[N-]	151946498	TVTJSORTZDMGIA-UHFFFAOYSA-N	C9H11ClN4
CC1=CC=NC(N1C2=NNC(=C2)C)Cl	153281505	YNGIZUBCCNHJFS-UHFFFAOYSA-N	C9H11ClN4
CN1C2=C(C=C(C=C2)Cl)N(C1=NN)C	69114981	YRQDVLRRQFCILJ-UHFFFAOYSA-N	C9H11ClN4
CCC1=CN2C=C(N=C(C2=N1)NC)Cl	84678103	OQDVZSKHKGJXFQ-UHFFFAOYSA-N	C9H11ClN4
C1=C2C(=NC=N1)N=C(N2)CCCCCl	114402432	BAJZITBZCOREEZ-UHFFFAOYSA-N	C9H11ClN4
CC1=NN(C(=C1Cl)CN2C=CC=N2)C	65872025	VDXVSVHQIBZFIL-UHFFFAOYSA-N	C9H11ClN4
CCC(C)C1=NN=C2N1C(=CN=C2)Cl	81442080	SUJPNDAARXYXEN-UHFFFAOYSA-N	C9H11ClN4
C1=CNC(=C1)C2=C(NC(=N2)CCN)Cl	84122068	NKUUAVUCXBOPTE-UHFFFAOYSA-N	C9H11ClN4
C1CC1NC2=NC=CC(=C2Cl)C(=N)N	107060247	MTVFROXAFRSSSQ-UHFFFAOYSA-N	C9H11ClN4
CC(C)NC1=CC(=NC2=CC=NN21)Cl	89264302	QMEBXGFCMSVDRB-UHFFFAOYSA-N	C9H11ClN4
CC(C)NC1=NC(=NC2=C1C=CN2)Cl	140132360	RRWLMEAZCRGPNH-UHFFFAOYSA-N	C9H11ClN4
CCC1=NC2=C(N(N=C2C(=N1)Cl)C)C	54857042	GWQKHJRYRYNILZ-UHFFFAOYSA-N	C9H11ClN4
CC1=NC2=C(C=NN2C(=N1)Cl)C(C)C	145151115	IUGIFFITLAWNEO-UHFFFAOYSA-N	C9H11ClN4
CCC1=CN=C(C(=C1N=[N+]=[N-])Cl)CC	149730819	AZDMOGOFJWGONV-UHFFFAOYSA-N	C9H11ClN4
CN(C)N1CC2=C(C=C1)N=CN=C2Cl	150122857	DZPRCQCPWQHLAZ-UHFFFAOYSA-N	C9H11ClN4
C1=CC(=CC=C1C2=NC=CN2)NN.Cl	67690793	PDDRYFZGGKUFJI-UHFFFAOYSA-N	C9H11ClN4
C1CC2=NC3=C(N2C1)N=CC(=C3)N.Cl	66905230	DTMDOPGMZPYZQW-UHFFFAOYSA-N	C9H11ClN4
CC1=C2C(=NN1)N=C(N=C2Cl)C(C)C	82394736	DCMOCMZGFYHCLK-UHFFFAOYSA-N	C9H11ClN4
CC1=CC(=C(C(=C1)Cl)CNN=[N+]=[N-])C	149823257	BRPQENXIOSZORY-UHFFFAOYSA-N	C9H11ClN4
CC(C)(CN=[N+]=[N-])C1=CN=C(C=C1)Cl	152507587	YEUMFYXNSPJDTG-UHFFFAOYSA-N	C9H11ClN4
CCC1=CN=C(C(=C1Cl)CC)N=[N+]=[N-]	151791317	RWRGAAMRPPZPGH-UHFFFAOYSA-N	C9H11ClN4
CN1C=C(C=N1)CN2C=NC=C2CCl	66150848	RCABOEKECXXEKO-UHFFFAOYSA-N	C9H11ClN4
CC(C)C1=NC2=CC(=NN=C2N1C)Cl	117272917	HZBGZGSMNSKIDQ-UHFFFAOYSA-N	C9H11ClN4
C1C2CNC1C2NC3=NC=C(C=N3)Cl	130787725	URIHSCNLXFWCMO-UHFFFAOYSA-N	C9H11ClN4
C1CC2CC(=CC=C2N(C1)N=[N+]=[N-])Cl	150337173	GQXRWXCWRHBGMW-UHFFFAOYSA-N	C9H11ClN4
CCCCC1=C(N=C(C(=N1)N)Cl)C#N	89081665	QAUJGPPPQNISOY-UHFFFAOYSA-N	C9H11ClN4
CCCC(C1=CN=C(C=C1)N=[N+]=[N-])Cl	151890736	SQRJDKPTCBGTJK-UHFFFAOYSA-N	C9H11ClN4
C1C2=C(C=CC=C2Cl)C(N1)N=C(N)N	129718188	PKZIBILDGKLDGZ-UHFFFAOYSA-N	C9H11ClN4
CC(C)C1=NN2C=C(C=C(C2=N1)N)Cl	83965026	GCUJHSMQBZFEBH-UHFFFAOYSA-N	C9H11ClN4
CCN1C2=C(C=CC=C2Cl)N=C1NN	115059664	VPGQVYXGSOFTSJ-UHFFFAOYSA-N	C9H11ClN4
CN1C=CC2=C1C(=NC(=N2)N(C)C)Cl	129981770	CXESXZOMICKKPO-UHFFFAOYSA-N	C9H11ClN4
C1=CN=C(C2=C1N(C=N2)CCCCl)N	141198876	XRUXQFGHQSBLBG-UHFFFAOYSA-N	C9H11ClN4
C1[C@H]2CN(C[C@H]2N1)C3=CN=CC(=N3)Cl	87622237	AYYHTQXPQNZSHX-NKWVEPMBSA-N	C9H11ClN4
C1CC1NC(CN2C=C(C=N2)Cl)C#N	61906248	VUILUCNPGOFCMA-UHFFFAOYSA-N	C9H11ClN4
CC(C1=CC=CC(=C1Cl)CN)N=[N+]=[N-]	152476858	XYOWZGGVMSDZON-UHFFFAOYSA-N	C9H11ClN4
CCC1=C(C=CC(=C1)CNN=[N+]=[N-])Cl	152218091	VYRFVDZECWPYAV-UHFFFAOYSA-N	C9H11ClN4
C=NCN=C(N)NC1=CC=C(C=C1)Cl	123768094	OKDKSGMIEPLWGG-UHFFFAOYSA-N	C9H11ClN4
CC1=CN2C=NC(=C2C(=N1)Cl)CCN	76849796	NEKRIJJDTCXPKF-UHFFFAOYSA-N	C9H11ClN4
CC(C)C1=NN2C(=CC=NC2=C1Cl)N	84062585	SSFVFXKEZATCCS-UHFFFAOYSA-N	C9H11ClN4
CC(C)C1=NC=C2N1C(=NC(=C2)Cl)N	13377345	USPQYKVUZIHNMA-UHFFFAOYSA-N	C9H11ClN4
C[C@@H]1N=NNN1C2=C(C=C(C=C2)Cl)C	149309169	XYGQPPHILGAXDF-SSDOTTSWSA-N	C9H11ClN4
CC1=CC(=NN1C)N2C=C(N=C2)CCl	130497189	UWOYSCJHVMJEGR-UHFFFAOYSA-N	C9H11ClN4
C1C2C(C2NC3=CN=C(C=N3)Cl)CN1	131002874	PWTFRCWMXOPDOB-UHFFFAOYSA-N	C9H11ClN4
CC(C)CC1=NC(=CC(=C1)N=[N+]=[N-])Cl	152540528	YLLGPOFRQFSDST-UHFFFAOYSA-N	C9H11ClN4
C1=CC(=C(C=C1CCCN=[N+]=[N-])Cl)N	150276391	GEQRZUZJSGTLHB-UHFFFAOYSA-N	C9H11ClN4
C1[C@@H]2CN[C@H]1CN2C3=NN=C(C=C3)Cl	9990719	RDBYUTPLHXVJKE-RNFRBKRXSA-N	C9H11ClN4
C1=CC(=CC(=C1)N2N=CC=N2)CN.Cl	135326525	BGPOONCENKDLLA-UHFFFAOYSA-N	C9H11ClN4
CNCCC1=NN2C=CC(=CC2=N1)Cl	116990188	LRTJETDZSXZTSU-UHFFFAOYSA-N	C9H11ClN4
CN(C)C1=CC(=C(C=C1)Cl)CN=[N+]=[N-]	150877731	KVIWKSBJDROBJJ-UHFFFAOYSA-N	C9H11ClN4
C1=CN(N=C1)CCN2C=NC=C2CCl	66149784	KLTHNKUTKITYIL-UHFFFAOYSA-N	C9H11ClN4
CNCCC1=CN=C2N1N=C(C=C2)Cl	83885313	BCGMBHMNIQIAOH-UHFFFAOYSA-N	C9H11ClN4
CC(C)(C(C1=CC=NC=C1)Cl)N=[N+]=[N-]	152199664	VUZLIDJAUAJLQH-UHFFFAOYSA-N	C9H11ClN4
CCN1C2=C(C(=N1)C)N=C(N=C2Cl)C	13338409	OEMZJXCVHOFGIL-UHFFFAOYSA-N	C9H11ClN4
CC(C)CC1=CC(=C(C=N1)N=[N+]=[N-])Cl	150978823	LPQVUJTVWPNPIV-UHFFFAOYSA-N	C9H11ClN4
CN(C)N1C2=C(C=CN=C2)N=C1CCl	130597380	AJJPUTWHFSUPJW-UHFFFAOYSA-N	C9H11ClN4
CCNCC1=C2N=CC=C(N2N=C1)Cl	130048099	ALJMLFKJWIHRRE-UHFFFAOYSA-N	C9H11ClN4
CCC(CC1=NC=CN2C1=NN=C2)Cl	64370798	PFNISVRULLPZQC-UHFFFAOYSA-N	C9H11ClN4
CC(CC1=CC=CN2C1=NC(=N2)Cl)N	83870057	DHYVEPFPCXPYIA-UHFFFAOYSA-N	C9H11ClN4
CN(C)C1=C(C=C(C=C1)Cl)CN=[N+]=[N-]	151644941	QTHTVSJLLGDJAC-UHFFFAOYSA-N	C9H11ClN4
CC(C)C1=CN2C=C(N=C(C2=N1)N)Cl	84678102	ZSSAQCPCCRXTGZ-UHFFFAOYSA-N	C9H11ClN4
CCCNC1=NC2=NC=CN2C(=C1)Cl	71322037	RORNCTZZKOAWCF-UHFFFAOYSA-N	C9H11ClN4
C1=C(C=NC2=C1N=CN2CCCN)Cl	82061388	DXQRZCOUUZVQND-UHFFFAOYSA-N	C9H11ClN4
CN(N)/N=C(/C1=CC(=CC=C1)Cl)\N=C	88263993	ZCXNOUPKTPPQBZ-LCYFTJDESA-N	C9H11ClN4
CN(C)C1=C(C=C(C=C1)CN=[N+]=[N-])Cl	149788482	BKRSVVOLQGFZAL-UHFFFAOYSA-N	C9H11ClN4
CC1=C(C=CC2=C1N=C(N2C)NN)Cl	84621450	ANFLWCZFFNRXSP-UHFFFAOYSA-N	C9H11ClN4
CC1=C2C=NN(C2=NC(=N1)Cl)C(C)C	144283750	RQNHAPLUDTWOAW-UHFFFAOYSA-N	C9H11ClN4
CC(C1=CC=CC=C1Cl)N(C)N=[N+]=[N-]	151243243	NQTKFDXEKPFOSE-UHFFFAOYSA-N	C9H11ClN4
CC1=NN(C(=C1CN2C=CC=N2)Cl)C	60796341	RCMRULWAGBIANK-UHFFFAOYSA-N	C9H11ClN4
C1=CC=C(C=C1)CC(CN=[N+]=[N-])NCl	89320970	CEJHAMBDSROTBS-UHFFFAOYSA-N	C9H11ClN4
CC(C)CC1=NN=C2N1C=CN=C2Cl	64369467	LTGFWZCCIBMWIN-UHFFFAOYSA-N	C9H11ClN4
C1[C@H]2CNC1CN2C3=NN=C(C=C3)Cl	88019248	RDBYUTPLHXVJKE-MLWJPKLSSA-N	C9H11ClN4
CN1CCN(C1=C)C2=NC(=NC=C2)Cl	137447324	FRBYSTKWFPQHAI-UHFFFAOYSA-N	C9H11ClN4
CCN(C)C1=CC(=C(C=C1)N=[N+]=[N-])Cl	152094859	UZMOSAVRCCXQNF-UHFFFAOYSA-N	C9H11ClN4
CNCCC1=C(C=CC=C1Cl)N=[N+]=[N-]	151499954	PQFCNDAFDHOTFL-UHFFFAOYSA-N	C9H11ClN4
C1CC2=C3C(N=NC(=C3C1C2)NN)Cl	70482679	JKQCDDFSLISDOZ-UHFFFAOYSA-N	C9H11ClN4
C1CC2CC1CN2C3=CN=NC(=N3)Cl	114999242	QOMHEYFKKJTEDK-UHFFFAOYSA-N	C9H11ClN4
C1=CC(=C(C=C1Cl)N)CN2C=CNN2	143400101	HKUUQICOWHBZAH-UHFFFAOYSA-N	C9H11ClN4
CC1=NCN(N1C2=CC(=CC=C2)Cl)N	153970721	UAIFETPNNDXGCI-UHFFFAOYSA-N	C9H11ClN4
CC1=C(N2C=C(C=NC2=N1)C(C)N)Cl	83834925	WHLQKGWXGFBOKU-UHFFFAOYSA-N	C9H11ClN4
CC(C)N1C2=C(C=C(C=N2)N)N=C1Cl	84063630	WHOPMFNBECGDHD-UHFFFAOYSA-N	C9H11ClN4
CNCCC1=CN=C2N1C=C(N=C2)Cl	84678093	QXSQTIDPZWEBSI-UHFFFAOYSA-N	C9H11ClN4
CN(CCC#N)C1=C(C=C(C=N1)N)Cl	108154455	IGKUKROTCDCAHM-UHFFFAOYSA-N	C9H11ClN4
C1C2CN(CC1N2)C3=NN=C(C=C3)Cl	44590008	GGFYYCGAEIOYTF-UHFFFAOYSA-N	C9H11ClN4
CC(C#C)N(C)C1=NC=NC(=C1Cl)N	130674350	XARTVFUZWVSQKH-UHFFFAOYSA-N	C9H11ClN4
CCC(C)N1C=NC2=CN=C(N=C21)Cl	151028466	LZNUZMGARSRNIX-UHFFFAOYSA-N	C9H11ClN4
CC(C)(C)C1=CC2=NC=NN2N=C1Cl	22989243	PSXSNFIFCCVXII-UHFFFAOYSA-N	C9H11ClN4
CC1=CC(=NC(=N1)Cl)N(C)CCC#N	62477940	FQZZCPXTXOPZQI-UHFFFAOYSA-N	C9H11ClN4
CN(C)N1C2=C(C=C(C=C2)Cl)N=C1N	83019392	JTEZAYGHPRHZJK-UHFFFAOYSA-N	C9H11ClN4
CN1C=NC2=C1C=CN=C2NCCCl	103386399	QNGQVIQVNGEXGX-UHFFFAOYSA-N	C9H11ClN4
CCC1=C2C(=NN1)C=C(N=C2NC)Cl	123390802	IJGGTCREVGXPCI-UHFFFAOYSA-N	C9H11ClN4
C1C2CC1(C2)NC3=C(C(=NC=N3)Cl)N	146460520	JWDMEVDSBRMQKZ-UHFFFAOYSA-N	C9H11ClN4
C1=CC(=C(C=C1Cl)CN=[N+]=[N-])CCN	151259466	NUAZRQOXFJXENK-UHFFFAOYSA-N	C9H11ClN4
CNCCC1=NC2=C(N1)C=C(C=N2)Cl	28316348	KVWLNBVSGXVSGL-UHFFFAOYSA-N	C9H11ClN4
CC(C1=NC(=C2N1C=C(C=C2)N)Cl)N	117253703	LQSDRUMTHIFQIO-UHFFFAOYSA-N	C9H11ClN4
CCC1=C2C(=NC(=N1)Cl)N(C(=N2)C)C	90932301	IYVDSDUCZPPPES-UHFFFAOYSA-N	C9H11ClN4
CN(C)C1=CC=CC(=C1Cl)CN=[N+]=[N-]	59845660	HAEGXUJAOCPQLQ-UHFFFAOYSA-N	C9H11ClN4
CCC1=NC2=NC(=NN2C(=C1)Cl)CC	114514566	BWFHWBHLNVYBPG-UHFFFAOYSA-N	C9H11ClN4
CCCC1=C(N2C(=NC=N2)N=C1C)Cl	123623362	SEWYBHGMQAJZEA-UHFFFAOYSA-N	C9H11ClN4
CC(CC#C)NC1=CC(=NC(=N1)N)Cl	103705075	AFJQTWLKVIFVAT-UHFFFAOYSA-N	C9H11ClN4
CN(C)C1=C(C=CC=C1Cl)CN=[N+]=[N-]	151109963	MPXLLXXWEKDZHI-UHFFFAOYSA-N	C9H11ClN4
CC(C)C(C1=CC(=NC=C1)Cl)N=[N+]=[N-]	152131856	VHJXPJABQXOLLD-UHFFFAOYSA-N	C9H11ClN4
C1C(CN1)NC2=NC=C(C=C2)C#N.Cl	146218809	WWQMVEWTFFIUPJ-UHFFFAOYSA-N	C9H11ClN4
CC(C)(C)C1=NN=C2N1C=NC(=C2)Cl	43144431	VROUGZXQSCJFOS-UHFFFAOYSA-N	C9H11ClN4
C1=CC(=CC=C1CC(CN)N=[N+]=[N-])Cl	152575212	YSIHESHRUOJSJF-UHFFFAOYSA-N	C9H11ClN4
C1[C@H]2CN(C1CN2)C3=NN=C(C=C3)Cl	91580748	RDBYUTPLHXVJKE-PKPIPKONSA-N	C9H11ClN4
CC(C)C1=NC=C(N1)N2C=CN=C2Cl	17974703	FBBMXRUMQSVRBW-UHFFFAOYSA-N	C9H11ClN4
C[C@H]1CN(N=C1N)C2=NC=C(C=C2)Cl	30772127	FKCDULJMOFQRKG-LURJTMIESA-N	C9H11ClN4
C1=C(N2C(=C1)C(=NC=N2)Cl)CCCN	112713874	WCPPUCPPEYWJBR-UHFFFAOYSA-N	C9H11ClN4
CC(C)C(=NC(=N)C1=NC=CN=C1)Cl	143377527	DFSNDDHACNIUIK-UHFFFAOYSA-N	C9H11ClN4
CC1=C(C(=NN1N2CN=CC=C2)C)Cl	150357333	GUZSYAIRHGEJLE-UHFFFAOYSA-N	C9H11ClN4
CC1=NC2=C(N1C(C)C)C(=NC=N2)Cl	84678107	QJJVPYHUBMGVOW-UHFFFAOYSA-N	C9H11ClN4
CC(C)(C#C)NC1=CC(=NC(=N1)N)Cl	106195007	JRTYIIDBFSJDFM-UHFFFAOYSA-N	C9H11ClN4
C1=CC2=NC(=NN2C=C1Cl)CCCN	83966926	QNLYRDDNNGPROM-UHFFFAOYSA-N	C9H11ClN4
CC(CC1=CC=CC2=NC(=NN21)Cl)N	83870080	DKOFCMMOOCDFIW-UHFFFAOYSA-N	C9H11ClN4
CC1=NC2=CN=C(N=C2N1C(C)C)Cl	24903947	IXLPNJSVQKKBKZ-UHFFFAOYSA-N	C9H11ClN4
CCN1C=CN=C1N2C=C(N=C2)CCl	131021376	AXXXQKFOEZUWFY-UHFFFAOYSA-N	C9H11ClN4
CC(CC1=NN2C=CC(=CC2=N1)Cl)N	83870094	IPBXODWAJZRKCK-UHFFFAOYSA-N	C9H11ClN4
C1=CC(=C(C=C1N=[N+]=[N-])Cl)CCCN	149649889	AIWYNVOHVYNHIM-UHFFFAOYSA-N	C9H11ClN4
C1=C(C=C(C(=C1C#N)N)Cl)[C@H](CN)N	66516909	ALJJLDCBKQIMIS-QMMMGPOBSA-N	C9H11ClN4
CC1=CC(=NN1C)N2C=CC(=N2)CCl	126975486	HIVMEFQVUWAHSY-UHFFFAOYSA-N	C9H11ClN4
C1=CC=C(C=C1)CN2C=C(N=N2)N.Cl	75467587	UMCXRTLSNDOUAI-UHFFFAOYSA-N	C9H11ClN4
CCC1=C(C(=C2C=NNC2=N1)Cl)CN	123171790	VGHZCMDWHWXLSJ-UHFFFAOYSA-N	C9H11ClN4
CCCN1C2=NC=C(C(=C2C=N1)Cl)N	102614285	ICDWCCBYLDMFQG-UHFFFAOYSA-N	C9H11ClN4
CN1C(=CN=C1CNN2C=CC=C2)Cl	79101258	LQUDFOINQDQAIW-UHFFFAOYSA-N	C9H11ClN4
C1=CC=C(C=C1)N2C(=NC=N2)CN.Cl	86811822	SZZIKADLTBQNGL-UHFFFAOYSA-N	C9H11ClN4
CC(CC#N)N(C)C1=NC(=NC=C1)Cl	63228806	PVSGJIVNCLSGHG-UHFFFAOYSA-N	C9H11ClN4
C1=CNC2=C(N=C(C=C21)[C@@H](CN)N)Cl	130713713	VRVXNWUUQWTZMO-ZCFIWIBFSA-N	C9H11ClN4
CC1=C(C=C(C=C1)/C=N/N=C(N)N)Cl	106819052	NLOPYOKBZAGLKS-WLRTZDKTSA-N	C9H11ClN4
CN1C=CC(=N1)CN2C=CN=C2CCl	82868855	LEVHPGAVVLPWFU-UHFFFAOYSA-N	C9H11ClN4
CC1=CC2=C(C(=C1)Cl)N=C(N2C)NN	84621454	DPGADTPELAWBNR-UHFFFAOYSA-N	C9H11ClN4
C1=CC=C2C(=C1)N=CN2CC(=N)N.Cl	371300	WZQDXWPUDIOACH-UHFFFAOYSA-N	C9H11ClN4
CC1=C(C(=NC(=N1)N)Cl)N=CC(=C)C	123892597	SZPCTPLBUUSYFG-UHFFFAOYSA-N	C9H11ClN4
CC1=CC(=NN1)NC2=CC=CC=N2.Cl	140667879	HVEKGUDQQIQHDP-UHFFFAOYSA-N	C9H11ClN4
CN(C)N1C(=NC2=C1N=CC=C2)CCl	83018766	UFRIHSCONOMIKN-UHFFFAOYSA-N	C9H11ClN4
CN(C)CC1=CC(=C(C=C1)N=[N+]=[N-])Cl	150022124	DFLUPVHUWCTMCQ-UHFFFAOYSA-N	C9H11ClN4
C1CN(C(=N1)NN)C2=CC=CC=C2Cl	44429235	GZRRUXIEKNZYDB-UHFFFAOYSA-N	C9H11ClN4
CC1=NC2=C(C(=N1)Cl)N=CN2C(C)C	83834920	JAXIQSXJHUTNDV-UHFFFAOYSA-N	C9H11ClN4
CC1=CC(=C(C=C1)Cl)C=NN=C(N)N	140788353	KRMVWMSIZYWCKU-UHFFFAOYSA-N	C9H11ClN4
C1C=CCC1NC2=C(C(=NC=N2)Cl)N	116110364	KJIQNEZLBCQLJE-UHFFFAOYSA-N	C9H11ClN4
CCN1C(=NC2=C1C(=NC(=N2)C)Cl)C	132587955	VHNYQNLJWGSYQU-UHFFFAOYSA-N	C9H11ClN4
CCCC1=NN=C2N1C(=NC(=C2)Cl)C	65428428	QZIFYXSTNHHZDQ-UHFFFAOYSA-N	C9H11ClN4
CNCC1=CC(=C(C=C1)Cl)CN=[N+]=[N-]	150378243	GZDYTNKNBZBRFQ-UHFFFAOYSA-N	C9H11ClN4
C=CCN(CC=C)C1=CC(=NN=N1)Cl	19752277	FXEVXYLLSJIWNL-UHFFFAOYSA-N	C9H11ClN4
CCC(C)C1=C(N=CC(=C1)Cl)N=[N+]=[N-]	152142603	VJNKZIMCCXMRHM-UHFFFAOYSA-N	C9H11ClN4
CC(NCC1=CC(=CC=C1)Cl)N=[N+]=[N-]	151758906	RQDFVOHJBZTVCJ-UHFFFAOYSA-N	C9H11ClN4
CN(C)C(C1=CC=CC=C1Cl)N=[N+]=[N-]	150218207	FSXSWOGWGMFMFA-UHFFFAOYSA-N	C9H11ClN4
CN(C)CC1=NN2C(=N1)C=CC=C2Cl	117257513	HHMMZRDMJAWGDQ-UHFFFAOYSA-N	C9H11ClN4
CC(C)(C1=CC(=CC(=C1)Cl)N)N=[N+]=[N-]	152178988	VQVMRKUZIITSHX-UHFFFAOYSA-N	C9H11ClN4
CC(C)(C)C1=NC2=C(C(=N1)Cl)NC=N2	10955871	YHTFVYWJMQPKDO-UHFFFAOYSA-N	C9H11ClN4
C1=CN=CC=C1CC(CCN=[N+]=[N-])Cl	149614479	ABUUPIJUDPYAGK-UHFFFAOYSA-N	C9H11ClN4
CC1=C(C(=CC=C1)C(C(=N)N)N=N)Cl	123305215	WSUMLJSRCFUPRI-UHFFFAOYSA-N	C9H11ClN4
CC1=C2C(=NC(=N1)Cl)N(C=N2)C(C)C	7147194	JSCNEGBFMQTSPQ-UHFFFAOYSA-N	C9H11ClN4
CC(CNC1=NC=CC(=C1Cl)C#N)N	107061290	YNGGYOQFKYDGHI-UHFFFAOYSA-N	C9H11ClN4
C1CNCC=C1C2=CC(=NN=C2N)Cl	122544355	XIMXUNBRBQGUMW-UHFFFAOYSA-N	C9H11ClN4
CCC1=NN=C2N1C=C(C(=C2)CN)Cl	84723262	SYVBFYIAVJBKFP-UHFFFAOYSA-N	C9H11ClN4
CC1=NN(N=C1N)C2=CC=CC=C2.Cl	137971716	BOYWTQYSLBIIHC-UHFFFAOYSA-N	C9H11ClN4
CC1=NC2=C(N1C(C)C)N=CN=C2Cl	83834921	NSTXZNHYLXWTSD-UHFFFAOYSA-N	C9H11ClN4
CC1=C(C(=NC(=C1Cl)N)N(C)C)C#N	13667278	GJPONPZNUYESPZ-UHFFFAOYSA-N	C9H11ClN4
CC(CN(C)C1=NC=NC=C1Cl)C#N	105368943	YLBVLPHRRHFKHE-UHFFFAOYSA-N	C9H11ClN4
CC1=CC2=NC=NN2C(=C1)NCCCl	65030004	CKPJJKJQAYPCPN-UHFFFAOYSA-N	C9H11ClN4
CC(C)(C)C1=C(C=CC(=N1)Cl)N=[N+]=[N-]	151015071	LWXCUWFRYPOYLO-UHFFFAOYSA-N	C9H11ClN4
C1=CC2=NN=C(N2C=C1Cl)CCCN	82058703	CEQPADWXZHNKNA-UHFFFAOYSA-N	C9H11ClN4
C1=C(C=NC2=C1NC(=N2)CCCN)Cl	28316339	GSWBLRDAVNHGSP-UHFFFAOYSA-N	C9H11ClN4
CC(=NN=C(N)N)C1=CC=C(C=C1)Cl	415136	NBHBAGUAKHKQAS-UHFFFAOYSA-N	C9H11ClN4
C[C@@H](C1=NC=C2N1C=CN=C2Cl)NC	129126084	UPSHAWNNUPFYLX-LURJTMIESA-N	C9H11ClN4
CC1=NN2C(=C1)N=C(C=C2Cl)N.C=C	143873137	FSXJRLYRAHEGFJ-UHFFFAOYSA-N	C9H11ClN4
CCC(C)(C1=C(C=CC=N1)Cl)N=[N+]=[N-]	150344142	GSIGPUPIDCAVBP-UHFFFAOYSA-N	C9H11ClN4
CCC(CC1=CN=C(C=C1)Cl)N=[N+]=[N-]	149766041	BGFPPYGVGICTPQ-UHFFFAOYSA-N	C9H11ClN4
CCN1C2=C(C(=CC=C2)Cl)N=C1NN	115059553	HSZVUZZVAZCQRL-UHFFFAOYSA-N	C9H11ClN4
C1CC1N2C3=CC=NN3C(C=C2Cl)N	67217003	KTLNLGRLSGWIDT-UHFFFAOYSA-N	C9H11ClN4
CC(C)CC1=NN=C2N1N=C(C=C2)Cl	43144394	SPWQLOZHPOGSIQ-UHFFFAOYSA-N	C9H11ClN4
CCCN1C2=C(C=C(C=N2)Cl)N=C1N	81662672	CEBNPAJMRHXNEY-UHFFFAOYSA-N	C9H11ClN4
CN(C)CC1=CC(=C(C=C1)Cl)N=[N+]=[N-]	151482245	PMSKFTYIFOIIIF-UHFFFAOYSA-N	C9H11ClN4
CC(CC1=C2C=NN(C2=NC=N1)C)Cl	63205655	SVBDDAGAEDEYST-UHFFFAOYSA-N	C9H11ClN4
CC(CC#N)N(C)C1=CN=CC(=N1)Cl	63228405	WGMNQZZYUOJUQR-UHFFFAOYSA-N	C9H11ClN4
C1CN(C1)C2=NC3=C(CNC3)C(=N2)Cl	117100640	DZPLNIIPKFNDPR-UHFFFAOYSA-N	C9H11ClN4
CC(C)(C1=CC(=C(C=C1)N=[N+]=[N-])Cl)N	151936807	SZYRKYQKVHEXMM-UHFFFAOYSA-N	C9H11ClN4
C1=CC=C(C=C1)N2N=CC(=N2)CN.Cl	71627678	LARBJYAAJMLOJG-UHFFFAOYSA-N	C9H11ClN4
CCC1=NC2=C(C(=N1)Cl)N(N=C2C)C	14006555	UWCFVXWCQGIPER-UHFFFAOYSA-N	C9H11ClN4
C1=CC(=CC(=C1)Cl)CCCNN=[N+]=[N-]	152255948	WGIFIHYRBCXDFX-UHFFFAOYSA-N	C9H11ClN4
CC(C)C1=NC2=C(C(=N1)Cl)N(C=N2)C	97627716	XUYABCRZCJEMGJ-UHFFFAOYSA-N	C9H11ClN4
C1=C(C=NC2=C1C(=CN2)[C@@H](CN)N)Cl	130706487	OQMDADZCULUBKV-MRVPVSSYSA-N	C9H11ClN4
C1=CC(=CC=C1CCCNN=[N+]=[N-])Cl	150928416	LFMUNPZCXRPHCG-UHFFFAOYSA-N	C9H11ClN4
CC1CC(=NN1C2=NC=C(C=C2)Cl)N	20228191	UVBPMYBQHDMKKL-UHFFFAOYSA-N	C9H11ClN4
C1=CN2C(=C(N=C2CCN)Cl)C=C1N	117254358	HTOPIDUFKTXTIM-UHFFFAOYSA-N	C9H11ClN4
CC(CC1=CN=C2N1N=C(C=C2)Cl)N	83885314	KZKTVOQHZWDOQG-UHFFFAOYSA-N	C9H11ClN4
C1=CC(=CC=C1CCNCN=[N+]=[N-])Cl	150418495	HHGZFMVBBYKBAX-UHFFFAOYSA-N	C9H11ClN4
CC(C)CNC1=CN=C(C(=N1)Cl)C#N	102201804	QCKRPOQHIOAMGN-UHFFFAOYSA-N	C9H11ClN4
CCN(C1=C(C=CC=C1Cl)C)N=[N+]=[N-]	151058854	MFSOIOHJNBZUOA-UHFFFAOYSA-N	C9H11ClN4
CN=CN=C(N)NC1=CC=C(C=C1)Cl	144898067	OQMIVEXASGRAKB-UHFFFAOYSA-N	C9H11ClN4
CC1=C(C(=NN1C)C2=NC=CN2C)Cl	149098061	QTZODGAQAQDZBP-UHFFFAOYSA-N	C9H11ClN4
CC1=CN(C=N1)C2=C(C(=NN2C)C)Cl	70851803	IZENEOYNYMYWDT-UHFFFAOYSA-N	C9H11ClN4
CC(CN(C)C1=NN=C(C=C1)Cl)C#N	61578219	OYNGTYHERKSRFP-UHFFFAOYSA-N	C9H11ClN4
CC1=NC(=CC2=NN=C(N12)C(C)C)Cl	65428839	VVRXHBRFAYEJON-UHFFFAOYSA-N	C9H11ClN4
CN(C)C1=CC=CC2=C(N=C(N21)N)Cl	83885310	ZGPFQNQPCAYCSK-UHFFFAOYSA-N	C9H11ClN4
CC(C)CN1C=NC2=CN=C(N=C21)Cl	151345441	OLJCSZYZXYKGGR-UHFFFAOYSA-N	C9H11ClN4
CN(C)C1=NC2=C(C=C1)NC(=N2)CCl	79815757	ZWOPAQCXLFXLBF-UHFFFAOYSA-N	C9H11ClN4
CCC(C)C1=NN=C2N1N=C(C=C2)Cl	43144383	QBHUHKLALVXUBP-UHFFFAOYSA-N	C9H11ClN4
CC(C)(C)C1=NN2C(=CC=NC2=N1)Cl	84678105	WFNCULXTHSNGJG-UHFFFAOYSA-N	C9H11ClN4
C1[C@@H]2CN(C1CN2)C3=NN=C(C=C3)Cl	90888332	RDBYUTPLHXVJKE-ULUSZKPHSA-N	C9H11ClN4
CC(C)(C)C1=NN2C=NN=C(C2=C1)Cl	84678108	QBOLREBGWUOJNZ-UHFFFAOYSA-N	C9H11ClN4
CC(CN)N1C=NC2=C1N=CC(=C2)Cl	82143834	DSWPQOBVRPPYIR-UHFFFAOYSA-N	C9H11ClN4
C1C2C(C2NC3=CN=CC(=N3)Cl)CN1	116650766	MPHRXCDUTKBXHI-UHFFFAOYSA-N	C9H11ClN4
CCCC1=NN(C2=CN=C(N=C21)Cl)C	87482462	OBOLUZZRLNGTLG-UHFFFAOYSA-N	C9H11ClN4
CCC1=NN=C2N1C(=C(N=C2Cl)C)C	65576772	NSFRRSLYNSJJCA-UHFFFAOYSA-N	C9H11ClN4
CCC1=CC(=C(C=C1)CNN=[N+]=[N-])Cl	151128986	MTUMASURTOPHRR-UHFFFAOYSA-N	C9H11ClN4
CC1=CC(=CC(=C1N2C=NNN2)C)Cl	153370504	JGBQJKKGKRNQAC-UHFFFAOYSA-N	C9H11ClN4
CCC1=NC2=CC=NN2C(=C1CCl)N	129986710	ZWPWMANYMDSSCV-UHFFFAOYSA-N	C9H11ClN4
C1CCN(C1)C(C#N)C2=C(N=CN2)Cl	84739949	OOYIXZOBBMYXME-UHFFFAOYSA-N	C9H11ClN4
CN=C(CC1=CC=C(C=C1)Cl)N=NN	146750612	RNFXHLPZUGWGOP-UHFFFAOYSA-N	C9H11ClN4
[3H]C(C1=CN=C(C=C1)Cl)N2CCN=C2N	10488762	UEQZFAGVRGWPDK-NGIXYFTOSA-N	C9H11ClN4
CN(C)C(C1=CC(=CC=C1)Cl)N=[N+]=[N-]	151641348	QSPAUKGZGZAGJB-UHFFFAOYSA-N	C9H11ClN4
CC(C)CNC1=NC(=NC=C1C#N)Cl	22390673	WOOSCRUYLFFCDS-UHFFFAOYSA-N	C9H11ClN4
C1CN(C(C2=CC=CCC21)Cl)N=[N+]=[N-]	150080817	DRFOFHZXNYJLFG-UHFFFAOYSA-N	C9H11ClN4
CC.C1=CN(N=C1)C2=CN=CN=C2Cl	145234764	XJADLGBCZHCEMA-UHFFFAOYSA-N	C9H11ClN4
CCCNC1=NC2=C(C=CN2)C(=N1)Cl	88431124	QTCFTNLHJIWZAY-UHFFFAOYSA-N	C9H11ClN4
CN(C)C1=CC2=C(NC(=C2Cl)N)N=C1	147046936	BAOHIJBBOREXBR-UHFFFAOYSA-N	C9H11ClN4
CC1=C(C=CC(=C1)Cl)/C=N/N=C(N)N	104858989	LFGFPBAVHOQHSG-WLRTZDKTSA-N	C9H11ClN4
CC(C)(C)C1=NC2=NC=NN2C(=C1)Cl	16768271	SMOUGYDUFWHMAY-UHFFFAOYSA-N	C9H11ClN4
C1CN=C(N1)NNC2=CC=C(C=C2)Cl	130005854	MQBXJLQKESTMIH-UHFFFAOYSA-N	C9H11ClN4
C1C2C1CC(C2)C3=NC(=NC(=N3)Cl)N	83240915	IQCFCTGTGMNXNB-UHFFFAOYSA-N	C9H11ClN4
CC1=CC(=CC(=C1N)Cl)CCN=[N+]=[N-]	149922293	CLMAUTHYYULJNP-UHFFFAOYSA-N	C9H11ClN4
CC1=NC(=C(C=C1C#N)Cl)NN(C)C	130594671	BBAGQABPUQNINQ-UHFFFAOYSA-N	C9H11ClN4
CC1=NC(=CN1N)C2=CN=CC=C2.Cl	140275935	XBYIENRXPXKYSQ-UHFFFAOYSA-N	C9H11ClN4
CC(CC1=NN=C2N1C=CC(=C2)Cl)N	83870118	FGBYHRNPJLAUSQ-UHFFFAOYSA-N	C9H11ClN4
CNCCC1=C(N2C=NC=CC2=N1)Cl	84678097	YJZRPJDEHNIOBC-UHFFFAOYSA-N	C9H11ClN4
CC(C)(C1=CC(=C(C=C1)N)Cl)N=[N+]=[N-]	152479483	XZCMOYPOOCMZPN-UHFFFAOYSA-N	C9H11ClN4
C1C2=C(CN1N=C(N)N)C(=CC=C2)Cl	10081864	KHTBCKNAISLCAT-UHFFFAOYSA-N	C9H11ClN4
C1CC1C2=CC=NC3=C(C=NN23)N.Cl	102565496	XYSZSILINKGNQN-UHFFFAOYSA-N	C9H11ClN4
C[C@H]1CN=CCN1C2=NC=CC(=N2)Cl	148324031	LDMXDMSJZMVQHE-ZETCQYMHSA-N	C9H11ClN4
CCC1=NC2=C(N1CC)N=CN=C2Cl	130641737	QBECRMKYJJBCTI-UHFFFAOYSA-N	C9H11ClN4
CN(C)N=NC(=N)C1=CC(=CC=C1)Cl	70305521	ANXODTHASIQRBK-UHFFFAOYSA-N	C9H11ClN4
C1CN=C(N1)NC2=C(C=C(C=C2)N)Cl	124707226	ZSWLKKJDMAIFNR-UHFFFAOYSA-N	C9H11ClN4
C1C2C(C2NC3=NN=C(C=C3)Cl)CN1	43599136	VVZPIMLSOJCSMZ-UHFFFAOYSA-N	C9H11ClN4
C1CC1C2=C3C=C(C=NC3=NN2)N.Cl	134828372	VHVUUCVLWYAHAM-UHFFFAOYSA-N	C9H11ClN4
CC1=CN=C(C2=NC(=NN12)[C@@H](C)Cl)C	124674694	VRQZMIZEDFMWDL-ZCFIWIBFSA-N	C9H11ClN4
CC(C1=NC=CN1)N2C=C(N=C2)CCl	130482425	GCUZOMNBUFLGSW-UHFFFAOYSA-N	C9H11ClN4
CC(CNN=[N+]=[N-])C1=CC=C(C=C1)Cl	151092758	MMLZEGTUIRDCCQ-UHFFFAOYSA-N	C9H11ClN4
CC(C1=NC2=C(C=C(C=C2N1)Cl)N)N	77637043	VGCUELSSEDROSI-UHFFFAOYSA-N	C9H11ClN4
CN(C)N1C2=C(C(=CC=C2)Cl)N=C1N	104837248	WJIUXFJZJQOFDR-UHFFFAOYSA-N	C9H11ClN4
C1CC(=N)N(C1)CC2=NC=NC=C2Cl	153949497	IQBHEANGKWLQKE-UHFFFAOYSA-N	C9H11ClN4
CCN(CCC#N)C1=CN=CC(=N1)Cl	61696154	SSKLQTAXDHKJEL-UHFFFAOYSA-N	C9H11ClN4
CC1=NC(=CC2=NC(=NN12)C(C)C)Cl	71753056	CQIQNTHHMAZXDQ-UHFFFAOYSA-N	C9H11ClN4
C1C2CC1(C2)C3=C(N=C(N=C3Cl)N)N	87290271	GNHHEAONOMGWTE-UHFFFAOYSA-N	C9H11ClN4
CC(C)(C)C1=C2C(=NN1)C(=NC=N2)Cl	76847240	YIGFOQPIXCLBMB-UHFFFAOYSA-N	C9H11ClN4
CN1C=C(CN1)C2=C(C=C(C=N2)N)Cl	126729801	VUIJTZFPAGYDTD-UHFFFAOYSA-N	C9H11ClN4
CC1=CC=C(C=C1)C=NN/C(=N/Cl)/N	140303251	IPCYDGXROZIRBZ-UHFFFAOYSA-N	C9H11ClN4
CCN1C2=C(C=CC(=C2)Cl)N=C1NN	115059624	SSOOKSJHFRQHDH-UHFFFAOYSA-N	C9H11ClN4
C1CC1(CC#N)CN2C(=C(C=N2)N)Cl	135374538	MWLQVGFELKIEEM-UHFFFAOYSA-N	C9H11ClN4
C1CCN(C1)N=NC2=CC(=NC=C2)Cl	134975355	GNJIDIDKUNQEJN-UHFFFAOYSA-N	C9H11ClN4
CC1=CN2C(=C(N=C2N=C1)Cl)CNC	84015660	QOYIFKDIXCNZDN-UHFFFAOYSA-N	C9H11ClN4
CC1=CN=C(C2=NC(=NN12)C(C)Cl)C	89704961	VRQZMIZEDFMWDL-UHFFFAOYSA-N	C9H11ClN4
CN=C(C1=C(C=CC(=N1)Cl)NC=C)N	68230928	FONLNHSSSXYXOG-UHFFFAOYSA-N	C9H11ClN4
CC1=CN2C(=C(N=C2N=C1)Cl)CCN	84015662	OTZZPTKUKSNUIG-UHFFFAOYSA-N	C9H11ClN4
CC(CC1=NN=C2N1C(=CC=C2)Cl)N	83870129	LYZPARMAMGBRPS-UHFFFAOYSA-N	C9H11ClN4
C1=CN(N=C1)C2=CC=C(C=C2)NN.Cl	68824303	HCEDOGBQRQHHKC-UHFFFAOYSA-N	C9H11ClN4
CCCC1=NN=C2N1C=CC(=C2N)Cl	82343316	VMOBMFHEAGDSFW-UHFFFAOYSA-N	C9H11ClN4
CN(C)CC1=NN=C2N1C=CC(=C2)Cl	117257235	WIYMUEIYJASVRU-UHFFFAOYSA-N	C9H11ClN4
CC(C)C(C1=C(C=CC=N1)Cl)N=[N+]=[N-]	152283770	WLWRAVTXUOEZPI-UHFFFAOYSA-N	C9H11ClN4
CCC1=CC(=CC(=C1)Cl)C(N)N=[N+]=[N-]	149775687	BICXLMMHSDRCTE-UHFFFAOYSA-N	C9H11ClN4
CC1=CC2=C(N1)C(=NC(=N2)Cl)N(C)C	129981769	LSELSUYWKGQFBV-UHFFFAOYSA-N	C9H11ClN4
C1=CC2=C(N=C(N2C=C1N)CCN)Cl	117253776	GCJSTQLDSNEWEO-UHFFFAOYSA-N	C9H11ClN4
CC1=CC(=C(N=C1)NC2=NCCN2)Cl	130009262	DCQGPVKZKMEMGZ-UHFFFAOYSA-N	C9H11ClN4
C1=C(C=C(N=C1N)Cl)CN=CCC=N	123713633	VTFSMRQYXWXBAV-UHFFFAOYSA-N	C9H11ClN4
CCCNC1=CC(=NC2=NC=CN12)Cl	12258616	DFPRFHDCTQUWPD-UHFFFAOYSA-N	C9H11ClN4
CC(=NC(=NC1=CC=C(C=C1)Cl)N)N	68187029	GLGCQVCGLSCGFK-UHFFFAOYSA-N	C9H11ClN4
CC(C)C1=NN2C=C(C=NC2=C1N)Cl	115027182	DHLQHGDTZZYMON-UHFFFAOYSA-N	C9H11ClN4
CC(C)(C)C1=CC(=C(N=C1)Cl)N=[N+]=[N-]	151624302	QPDUXROPCBJDOU-UHFFFAOYSA-N	C9H11ClN4
C1=CC(=NN2C1=NC=C2CCCN)Cl	83885312	GRQNLLAVVLRISR-UHFFFAOYSA-N	C9H11ClN4
CN1CC=NN1C2=NC=CC(=C2)CCl	144780924	RMHWRORFGAZZAW-UHFFFAOYSA-N	C9H11ClN4
CC(C)C(C1=NC(=CC=C1)Cl)N=[N+]=[N-]	150056189	DMIVEINMSATGQK-UHFFFAOYSA-N	C9H11ClN4
CCN1C2=NC=C(C(=C2C=N1)Cl)CN	67439429	OJTQTQKRVZOOPC-UHFFFAOYSA-N	C9H11ClN4
CCN(CCC#N)C1=CC(=NC=N1)Cl	61576207	FGDNHNHNILYOGR-UHFFFAOYSA-N	C9H11ClN4
C1=CC(=CC(=C1)N2C=CC=N2)NN.Cl	66910883	XJLJTWPONVKYJV-UHFFFAOYSA-N	C9H11ClN4
CN(C)C(C1=CC=CC=C1)(N=[N+]=[N-])Cl	152660208	ZJJVOCGWQKOWCO-UHFFFAOYSA-N	C9H11ClN4
CC(C)N1C2=CC(=NC=C2N=C1Cl)N	84063634	JQSLJORSEMQNLP-UHFFFAOYSA-N	C9H11ClN4
CCC1=C(C(=CC(=C1)CN)Cl)N=[N+]=[N-]	152412665	XLTRAQDSYYMPKQ-UHFFFAOYSA-N	C9H11ClN4
C/C(=N\N=C(N)N)/C1=CC=CC=C1Cl	87838665	PGIJYSCKAWTFNG-AWNIVKPZSA-N	C9H11ClN4
CC1=CN2C(=C(C(=N2)CCN)Cl)N=C1	84678100	ILVPHQWGJSSOPI-UHFFFAOYSA-N	C9H11ClN4
CN(C)C(C1=CC=C(C=C1)Cl)N=[N+]=[N-]	152459096	XVBGHFRMBRMITO-UHFFFAOYSA-N	C9H11ClN4
CC(C)C1=CNC2=C1C(=NC(=N2)N)Cl	21883104	GRSASFHRWSWUHX-UHFFFAOYSA-N	C9H11ClN4
CN(CCN)C1=NC=CC(=C1Cl)C#N	107061261	ZODNCSJPCBKPKV-UHFFFAOYSA-N	C9H11ClN4
CC1=NC(=C(C=C1C#N)Cl)NCCN	121662531	DBEWMRHATNKXGX-UHFFFAOYSA-N	C9H11ClN4
CC1=C(N2C=C(C=NC2=N1)CNC)Cl	83834924	KXGVRZDWWXQYBA-UHFFFAOYSA-N	C9H11ClN4
C1=CC=C(C(=C1)CNCCN=[N+]=[N-])Cl	150883343	KWMOAEKWSYHDCI-UHFFFAOYSA-N	C9H11ClN4
C1C2CC1(C2)NC3=CC(=NC(=N3)N)Cl	91402453	NTSLEAPOFMPOBW-UHFFFAOYSA-N	C9H11ClN4
C1CCC(=NNC2=NN=C(C=C2)Cl)C1	600365	DWJGMZYKAGKFQB-UHFFFAOYSA-N	C9H11ClN4
CN1C2=C(C=C1Cl)C(CCC2)N=[N+]=[N-]	150537025	IFBBYJFMVWFTTF-UHFFFAOYSA-N	C9H11ClN4
CCNNC1=NC(=C(C(=C1)C)C#N)Cl	142756409	XYSAIAKHZURBRL-UHFFFAOYSA-N	C9H11ClN4
C1=CNC2=C(N=C(C=C21)C(CN)N)Cl	129998863	VRVXNWUUQWTZMO-UHFFFAOYSA-N	C9H11ClN4
C[N+]1=NN(C(=C1)N)C2=CC=CC=C2.[Cl-]	134912369	LXJYPQGBAZFSPV-UHFFFAOYSA-M	C9H11ClN4
CC(C)(C)C1=NC(=CC(=C1)N=[N+]=[N-])Cl	152236087	WCHZSZHVZCFWFZ-UHFFFAOYSA-N	C9H11ClN4
CC(CC1=NN=C2N1C=CC=C2Cl)N	83870112	IWBBJPSOMOXZTL-UHFFFAOYSA-N	C9H11ClN4
C1=CC(=CC=C1CNCCN=[N+]=[N-])Cl	141508756	QGDDXVWOCUWKOI-UHFFFAOYSA-N	C9H11ClN4
CC(CC#N)N(C)C1=NC=CN=C1Cl	63228406	CHUZZMLITDBHQZ-UHFFFAOYSA-N	C9H11ClN4
C[N+]1=NC=C(C2=C1C=CC(=C2)N)N.[Cl-]	130016624	BAEBEBOEGLNLFT-UHFFFAOYSA-N	C9H11ClN4
C1C=CCC1NC2=CC(=NC(=N2)N)Cl	103761746	RDTPMJWGUMADAH-UHFFFAOYSA-N	C9H11ClN4
CCC1=C(C=C(C=C1Cl)N=[N+]=[N-])CN	151225246	NNCZCBYWJYIWRB-UHFFFAOYSA-N	C9H11ClN4
C1CN=C(N1)NC2=CC(=C(C=C2)N)Cl	125426385	IMBICYARTKAVPQ-UHFFFAOYSA-N	C9H11ClN4
CC(C)NC1=C(C=C(C=C1)N=[N+]=[N-])Cl	149729349	AYVORNHQPOARDP-UHFFFAOYSA-N	C9H11ClN4
CC(C)(C)C1=NN=C2N1C=CN=C2Cl	64367514	FIECNWZKZMMWPY-UHFFFAOYSA-N	C9H11ClN4
C1CN(C(=N1)N)C2=C(C=C(C=C2)Cl)N	12257426	YLKWTNIFLBEDDM-UHFFFAOYSA-N	C9H11ClN4
CCCCN1C2=C(C=N1)C(=NC=N2)Cl	61272652	YJGFRPAJDNGTJU-UHFFFAOYSA-N	C9H11ClN4
CC#CCCNC1=CC(=NC(=N1)N)Cl	103952557	COOKMIWAMMTQSF-UHFFFAOYSA-N	C9H11ClN4
CC(CC1=NN2C=C(C=CC2=N1)Cl)N	83870100	FUNXDZKWAPBLQW-UHFFFAOYSA-N	C9H11ClN4
C1C2C(C2N)CN1C3=NN=C(C=C3)Cl	153333522	BOKOMWGCHGORDJ-UHFFFAOYSA-N	C9H11ClN4
CNCCC1=C(N2C(=N1)C=CC=N2)Cl	84678096	UEFYZACBYIWFFH-UHFFFAOYSA-N	C9H11ClN4
CCC(C)C1=NN=C2N1C=CN=C2Cl	64368884	NOKZZRVQCOTQJZ-UHFFFAOYSA-N	C9H11ClN4
CC1N(N=NN1C2=CC=CC=C2Cl)C	20462653	XTYMHABBBNKACD-UHFFFAOYSA-N	C9H11ClN4
CCCCC1=NN=C2N1N=C(C=C2)Cl	43144363	ABBPLFFBCHFGJH-UHFFFAOYSA-N	C9H11ClN4
CC(C)C1=NN2C(=CC(=NC2=C1)Cl)N	130056823	JZNUJJOFVYLPKG-UHFFFAOYSA-N	C9H11ClN4
CC(CC1=CC2=NC(=NN2C=C1)Cl)N	83870065	XUXOJMXULCRZHL-UHFFFAOYSA-N	C9H11ClN4
CCN(CC1=CC=C(C=C1)Cl)N=[N+]=[N-]	150813771	KIKYNDCAZDASCX-UHFFFAOYSA-N	C9H11ClN4
CN(CCC#N)C1=C(C=C(C=N1)Cl)N	81662788	LKBIIFXCDHLEFI-UHFFFAOYSA-N	C9H11ClN4
CNCCC1=NC=CN2C1=NC=C2Cl	84678094	ZBSWPGFMTQXRQT-UHFFFAOYSA-N	C9H11ClN4
CC1=CC(=C(C=C1)Cl)/C=N\N=C(N)N	148260345	KRMVWMSIZYWCKU-ACAGNQJTSA-N	C9H11ClN4
CCCN(CC#N)C1=NN=C(C=C1)Cl	138934791	OIDPRDRPAZHGHR-UHFFFAOYSA-N	C9H11ClN4
CNCC1=NC(=C2N1C=CC(=C2)N)Cl	117254274	DIAZQCFQXLINEQ-UHFFFAOYSA-N	C9H11ClN4
C1=CN2C(=CC(=NC2=N1)Cl)CCCN	91622284	PBDDWSWPGNLXSL-UHFFFAOYSA-N	C9H11ClN4
CC1=C(C=NN1C)N2CN=C(C=C2)Cl	150186235	FMMKNZQSMIEUPZ-UHFFFAOYSA-N	C9H11ClN4
CC1=CN2C(=N1)C(=CC(=N2)Cl)N(C)C	153383516	DVDARXLVTGFHGM-UHFFFAOYSA-N	C9H11ClN4
CC1=NN(C(=C1C#N)NCC(=C)Cl)C	116026180	QNIYHNCEAHVPMG-UHFFFAOYSA-N	C9H11ClN4
C1=CC(=CC=C1C(CCN)N=[N+]=[N-])Cl	152403903	XJZKJZOKOGRLAU-UHFFFAOYSA-N	C9H11ClN4
CC(C)C1=C(C=C(C=C1)NN=[N+]=[N-])Cl	150342663	GSALPFGRAKZBJO-UHFFFAOYSA-N	C9H11ClN4
CC(CC1=CC=C2N1N=CN=C2Cl)N	112713876	SQWVACFHBGSUBR-UHFFFAOYSA-N	C9H11ClN4
CN=C(C=CN)NC1=NC=CC(=C1)Cl	148227768	BELRKDBWTMKHTB-UHFFFAOYSA-N	C9H11ClN4
C1[C@H]2CN[C@@]1(CN2)C3=NN=C(C=C3)Cl	88184627	CIRAKCDUGKORMI-RCOVLWMOSA-N	C9H11ClN4
CC(C)(C#C)NC1=NC=NC(=C1Cl)N	108181203	RQHGZWDGVTXNMV-UHFFFAOYSA-N	C9H11ClN4
CC(CC1=NN2C=CC=C(C2=N1)Cl)N	83870088	SJQNGOZVAWNYNV-UHFFFAOYSA-N	C9H11ClN4
CC(C)CC1=C2C=NNC2=NC(=N1)Cl	81910151	VTNLYFYJRNQVKA-UHFFFAOYSA-N	C9H11ClN4
C[C@H]1CC(=NN1C2=NC=C(C=C2)Cl)N	30772129	UVBPMYBQHDMKKL-LURJTMIESA-N	C9H11ClN4
CC1=C(C(=NN1)C)N2C=C(N=C2)CCl	130482717	CCLDDVIFLXZFES-UHFFFAOYSA-N	C9H11ClN4
CC(C)C1=NN=C2N1C=C(C=C2N)Cl	39080040	JTSZHPOLBRYVJH-UHFFFAOYSA-N	C9H11ClN4
CN(CCN=[N+]=[N-])C1=CC(=CC=C1)Cl	151224820	NNAWPBLTVJLSQN-UHFFFAOYSA-N	C9H11ClN4
C1CN(C1)C2=C3C=NC=C[NH+]3C=N2.[Cl-]	87370609	UWISNLPWFLNQKQ-UHFFFAOYSA-N	C9H11ClN4
C1CN(C(=N1)N)CC2=CN=C(C=C2)Cl	10130527	UEQZFAGVRGWPDK-UHFFFAOYSA-N	C9H11ClN4
CC1=C(C(=NN1)NC(=C)CCC#N)Cl	60108587	ZMGICAPUMSCSEP-UHFFFAOYSA-N	C9H11ClN4
CC1=NN(C(=C1Cl)N2C=CN=C2C)C	70851802	LGNYYCKQYJMOIL-UHFFFAOYSA-N	C9H11ClN4
C1=C(C=NC2=C(C=NN21)CCCN)Cl	84723258	JOXWOMZMPWBOBB-UHFFFAOYSA-N	C9H11ClN4
C1=CC(=CC=C1CN)C2=NC=NN2.Cl	137951305	FCLRLQNTJAIQTF-UHFFFAOYSA-N	C9H11ClN4
CC(CC1=CN2C(=NC(=N2)Cl)C=C1)N	83870073	IFYFLQOOPYZHJS-UHFFFAOYSA-N	C9H11ClN4
C1CN(N=C1N)C2=CC(=C(C=C2)N)Cl	22463654	KITLSCYAZNUVBN-UHFFFAOYSA-N	C9H11ClN4
CCC(C)C1=NN=C2N1C=NC(=C2)Cl	43144478	RHNXXWLKMRUYRQ-UHFFFAOYSA-N	C9H11ClN4
CC(C)N1C=NC2=C1N=C(C=C2Cl)N	59565241	YXJADGJVZYIBEA-UHFFFAOYSA-N	C9H11ClN4
C1CC(C1)(C#N)NCN2C=C(C=N2)Cl	130611090	IAPDEQBJIMHPHR-UHFFFAOYSA-N	C9H11ClN4
CC1=N/C(=C/C(=C)Cl)/C(=C)N=C1NN	144548805	NZYIARHDBPXAET-XBXARRHUSA-N	C9H11ClN4
C1C=C(C=CC1(N)Cl)CC2=NC=NN2	150412658	HGCNMIYFFOEBFM-UHFFFAOYSA-N	C9H11ClN4
C1CC2CN(C1)C3=CN=C(N=C3N2)Cl	121359382	AVPMSWFPHXGTHS-UHFFFAOYSA-N	C9H11ClN4
C1C2CN(CC1N2)C3=CN=C(C=N3)Cl	134436839	QVMADTSMJOJSHE-UHFFFAOYSA-N	C9H11ClN4
CC(=NN=C(N)N)C1=CC=CC=C1Cl	54187816	PGIJYSCKAWTFNG-UHFFFAOYSA-N	C9H11ClN4
C1=CC=C(C=C1)CN2C=[N+](C=N2)N.[Cl-]	14147167	QHNHXFBWQFHSNH-UHFFFAOYSA-M	C9H11ClN4
CC1=CC2=C(N1)N=C(N=C2Cl)N(C)C	16121918	OKWTVUKYMMWSTQ-UHFFFAOYSA-N	C9H11ClN4
C1=CC(=CN=C1)C2=NNC(=C2)CN.Cl	16654906	DTGVFGKJVREJRT-UHFFFAOYSA-N	C9H11ClN4
CC(C)(C)C1=NN=C2N1N=C(C=C2)Cl	23000326	OIAUBHCLFFRPGV-UHFFFAOYSA-N	C9H11ClN4
CNCCC1=NC2=NC=C(N2C=C1)Cl	84026362	RYVQBGBKCZNYJE-UHFFFAOYSA-N	C9H11ClN4
CCCNC1=NN2C=C(C=CC2=N1)Cl	80038063	TYUDONCKCBLWFC-UHFFFAOYSA-N	C9H11ClN4
CC(C)N1C2=C(C=CC(=N2)N)N=C1Cl	84063631	USZQDXZTLCEDCD-UHFFFAOYSA-N	C9H11ClN4
C1=CC(C(C=C1Cl)N)(C2=NC=CN2)N	150007322	DCODRPJQMPJGTK-UHFFFAOYSA-N	C9H11ClN4
CC(C)(C)C1=NN2C(=N1)C=CC(=N2)Cl	10878445	UPMICOYKKFCFLK-UHFFFAOYSA-N	C9H11ClN4
CC1CN(N=C1N)C2=NC(=CC=C2)Cl	13050978	VRDWTQUEJPGPOV-UHFFFAOYSA-N	C9H11ClN4
C1CN2C=CN=C2CN1CC(C#N)Cl	104308262	IEVAAWGOQNDGAN-UHFFFAOYSA-N	C9H11ClN4
C1=CN(C2=NC(=NC=C21)Cl)CCCN	87562531	WNCYNNORVJPLRF-UHFFFAOYSA-N	C9H11ClN4
CC(C)C1=NN2C=C(C(=CC2=N1)Cl)N	84756349	FDLCLSXHFBLXJL-UHFFFAOYSA-N	C9H11ClN4
CC(C)C(C1=CC(=CN=C1)Cl)N=[N+]=[N-]	152324602	WUCWLWBBNJVQNN-UHFFFAOYSA-N	C9H11ClN4
CCN(CCC#N)C1=NC=CN=C1Cl	61696209	QAKLGNYWIPLWCQ-UHFFFAOYSA-N	C9H11ClN4
CC1=C(NN=C1N2C=C(C(=N2)C)Cl)C	57305627	ONJSVDBQLXHIOZ-UHFFFAOYSA-N	C9H11ClN4
C1C=CCC1NC2=NC(=NC=C2N)Cl	108136049	ZFUQCVJNRABDNK-UHFFFAOYSA-N	C9H11ClN4
CC1=C(C(=CC=C1)Cl)/C=N/N=C(N)N	21036953	KIJLIUDZRBGNIN-WLRTZDKTSA-N	C9H11ClN4
CC1=NC=CN1C2=NC=C(C=C2)N.Cl	56761455	RBFADPCFGGSODE-UHFFFAOYSA-N	C9H11ClN4
CCC1=NC2=C(C(=N1)Cl)N=CN2CC	230633	WZHZKKOJBLGUPI-UHFFFAOYSA-N	C9H11ClN4
CN(C)C1=CC(=C(C=C1)CN=[N+]=[N-])Cl	151493340	POXMZNIYKUGSLR-UHFFFAOYSA-N	C9H11ClN4
CC1=NC2=C(C(=N1)Cl)N(C=N2)C(C)C	132587966	LREHGHWIRGJUKD-UHFFFAOYSA-N	C9H11ClN4
CC(CN(C)C1=CC(=NC=N1)Cl)C#N	61578062	DTWUTMOJZSZZMA-UHFFFAOYSA-N	C9H11ClN4
CNCCNC1=NC=CC(=C1Cl)C#N	107061256	MYXVDDVHWHFPAA-UHFFFAOYSA-N	C9H11ClN4
CCN1C=C(C(=N1)N2C=CC(=N2)C)Cl	70851888	NXKDJLWOTCPGLP-UHFFFAOYSA-N	C9H11ClN4
CCN1C(=NC2=C1N=C(N=C2Cl)C)C	21144280	GQGXTWUIWZPQCU-UHFFFAOYSA-N	C9H11ClN4
CNCCC1=C2C=NC=CN2C(=N1)Cl	84026361	BWTAGHRAGPRMHZ-UHFFFAOYSA-N	C9H11ClN4
CC1=C(N=C2C(=N1)N=C(N2C)CCl)C	12296440	DACSNHZRHNVTHI-UHFFFAOYSA-N	C9H11ClN4
CN1C=C(C=N1)CN2C=CN=C2CCl	62223427	OCUUVRASVOFBNW-UHFFFAOYSA-N	C9H11ClN4
C1=CC(=CC=C1NN)N2C=CN=C2.Cl	19977137	FRJCBIVTTJZFEZ-UHFFFAOYSA-N	C9H11ClN4
CC1=CN(N=C1)CC2=NC=C(N2)CCl	131025386	XRTWANKJNIMGET-UHFFFAOYSA-N	C9H11ClN4
CC1=CC(=CC(=C1)N)C(CN=[N+]=[N-])Cl	152664907	ZKHPPCYZQAAILO-UHFFFAOYSA-N	C9H11ClN4
CC(CCl)(NC1=CC=CC=C1)N=[N+]=[N-]	150732584	JSDIPQMKLOZYBZ-UHFFFAOYSA-N	C9H11ClN4
C1=CC=C(C(=C1)C[C@@H](CN)N=[N+]=[N-])Cl	150050654	DLGAPAVSJUWUQD-QMMMGPOBSA-N	C9H11ClN4
CC(C)(C)N1C=C2C(=N1)C=NC(=N2)Cl	145557763	PAKCSJPYTBWLBD-UHFFFAOYSA-N	C9H11ClN4
CN(C(=N)N)/N=C/C1=CC=C(C=C1)Cl	133666188	DZNOMSYQAAXIRO-AWNIVKPZSA-N	C9H11ClN4
C1=CC(=C(N=C1)N2C=CC=N2)CN.Cl	45792113	KJXZKPOBNUISGR-UHFFFAOYSA-N	C9H11ClN4
CC(C)[C@H](C1=NC=C(C=C1)Cl)N=[N+]=[N-]	151836140	SFRQIVXUFMLAOH-SECBINFHSA-N	C9H11ClN4
CC(C)(CC1=CC(=CN=C1)Cl)N=[N+]=[N-]	152309436	WRBQCIMPBVIVSI-UHFFFAOYSA-N	C9H11ClN4
CC(C)C1=NN2C=C(C=NC2=C1Cl)N	84053671	XDBDRKRPMTZXTO-UHFFFAOYSA-N	C9H11ClN4
C1CN=C(N1)NC2=CC=CC(=C2Cl)N	125427077	SKHHMOCDFPWRBN-UHFFFAOYSA-N	C9H11ClN4
CC(=C(C=NC)C1=CN=CC(=N1)Cl)N	147932102	SEMUMLFXFIHNMB-UHFFFAOYSA-N	C9H11ClN4
CC1=NC2=NC=NN2C(=C1C(C)C)Cl	62914064	YNRKCLCRXMHDQE-UHFFFAOYSA-N	C9H11ClN4
CN(C(=N)N)N=CC1=CC=C(C=C1)Cl	53787472	DZNOMSYQAAXIRO-UHFFFAOYSA-N	C9H11ClN4
C#CCCCNC1=NC=NC(=C1Cl)N	106812149	ZDYRMJIUYMMOIH-UHFFFAOYSA-N	C9H11ClN4
CCN(C)C1=CC(=C(C=C1)Cl)N=[N+]=[N-]	151252671	NSQWDHNDESIHHA-UHFFFAOYSA-N	C9H11ClN4
CC(C)(C)C1=NC2=NN=C(C=C2N1)Cl	117272912	ISACRZNZKQBJBH-UHFFFAOYSA-N	C9H11ClN4
C1C2CN(C1C2N)C3=CN=CC(=N3)Cl	131219640	ONVXTGSRMAQTOQ-UHFFFAOYSA-N	C9H11ClN4
C1=CC(=CC=C1CN)C(CCl)N=[N+]=[N-]	152685592	ZOLZAAZSZYHCJR-UHFFFAOYSA-N	C9H11ClN4
CCCCN1C=NC(=C2C1=NC=N2)Cl	150820844	KJWUTKOVIFBYFH-UHFFFAOYSA-N	C9H11ClN4
C1CC1NC2=NC3=C(CNC3)C(=N2)Cl	117100627	IXVNNWLLLSBESS-UHFFFAOYSA-N	C9H11ClN4
C1=CC=C(C=C1)N2C=NN=C2CN.Cl	75358341	DVXOCIJQIFVGTQ-UHFFFAOYSA-N	C9H11ClN4
C1=CC(=CC(=C1)Cl)CNCCN=[N+]=[N-]	150731897	JRZUATQWYBERPC-UHFFFAOYSA-N	C9H11ClN4
CC(C)CC1=NN=C2N1C(=CN=C2)Cl	81441910	WSUAYHXEZNIOGB-UHFFFAOYSA-N	C9H11ClN4
C1CC1C(CN2C=C(C=N2)Cl)(C#N)N	63907943	JXYOVGMARUVCIA-UHFFFAOYSA-N	C9H11ClN4
C1CC1NN2CC=C3N2C=CC(=N3)Cl	154276246	ORXDYHHBVYTGNS-UHFFFAOYSA-N	C9H11ClN4
C1CN=C(N1)NC2=C(C(=CC=C2)Cl)N	125426815	MLTYOLHGLALICQ-UHFFFAOYSA-N	C9H11ClN4
CCCC1=NC(=C2N1N=CN=C2Cl)C	57374625	UZROVRUGUUQMFM-UHFFFAOYSA-N	C9H11ClN4
C1=CN2C(=NC(=C2C(=C1)N)Cl)CCN	117254949	NZVBPHWZYJEZDY-UHFFFAOYSA-N	C9H11ClN4
CC(C)N1C2=C(C(=NC=C2)N)N=C1Cl	84063635	IJBSHSFCZPVZQS-UHFFFAOYSA-N	C9H11ClN4
C[N+](=CN1C2=CC=CC=C2N=N1)C.[Cl-]	10727199	OZAKTXBVBDBSMF-UHFFFAOYSA-M	C9H11ClN4
CC1=NN2C(=N1)C=C(C(=N2)Cl)C(C)C	53770123	DOAFYDUUSVOQQD-UHFFFAOYSA-N	C9H11ClN4
C1=CC=C(C(=C1)C(CCN)N=[N+]=[N-])Cl	150156437	FGIIUXXJAZAILH-UHFFFAOYSA-N	C9H11ClN4
CN(C)CC1=NN=C2N1C=CC=C2Cl	117257375	CKBPSUKBEJATDU-UHFFFAOYSA-N	C9H11ClN4
CC1=NN(C=C1N2C=CC(=N2)CCl)C	102807698	WVMBFTGPBBFQOY-UHFFFAOYSA-N	C9H11ClN4
CC1=NC2=C(C=NN2C(C)C)C(=N1)Cl	61264717	AVNNMWXRWGHTFJ-UHFFFAOYSA-N	C9H11ClN4
C1=CN2C(=NN=C2C(=C1)Cl)CCCN	105464618	PDXWQMZPGKOUKJ-UHFFFAOYSA-N	C9H11ClN4
CC1=NN(C(=C1CCl)N2C=CN=C2)C	28964512	KDEJHIYSRJXYMY-UHFFFAOYSA-N	C9H11ClN4
C1=C(C=C(C(=C1C#N)N)Cl)C(CN)N	77130924	ALJJLDCBKQIMIS-UHFFFAOYSA-N	C9H11ClN4
C1[C@H]2CN[C@@H]1CN2C3=NN=C(C=C3)Cl	10058979	RDBYUTPLHXVJKE-BQBZGAKWSA-N	C9H11ClN4
C1=CC(=CC=C1CN=[N+]=[N-])NCCCl	150990092	LRXZSWPUVWSTHY-UHFFFAOYSA-N	C9H11ClN4
CC(CC1=CN2C(=NN=C2Cl)C=C1)N	83870152	APGOEHMTKHJICY-UHFFFAOYSA-N	C9H11ClN4
CC1=[N+](C=CN1C2=NC=CC=N2)C.[Cl-]	21567513	NPZNQGNWMDRMGV-UHFFFAOYSA-M	C9H11ClN4
CCNCC1=NN2C=C(C=CC2=N1)Cl	116990101	PPJPIYUYYFNLHS-UHFFFAOYSA-N	C9H11ClN4
CN(CCC#N)CC1=NN=C(C=C1)Cl	104513493	GBPROLNALMSFNS-UHFFFAOYSA-N	C9H11ClN4
C1=CC(=CC=C1CN2C=NC=N2)N.Cl	11701279	FEDYLAMMQSHIOY-UHFFFAOYSA-N	C9H11ClN4
C1CN(CC2=CC(=CCC21)Cl)N=[N+]=[N-]	150038832	DIVOOZDWQHULCD-UHFFFAOYSA-N	C9H11ClN4
CCC1=C(C(=NC=C1Cl)N=[N+]=[N-])CC	150659965	JDRKTIXTXGQRGF-UHFFFAOYSA-N	C9H11ClN4
CCCN1C(=NC2=C1C(=NC=N2)Cl)C	132587958	YBPRTZNGQSOMML-UHFFFAOYSA-N	C9H11ClN4
C1=CC(=CC=C1C/C=N/N=C(N)N)Cl	133615335	RTVYMHNBLFVVGO-AWNIVKPZSA-N	C9H11ClN4
CN(C)CC1=NN2C=CC=C(C2=N1)Cl	117257990	HALNUXRPMMFBAT-UHFFFAOYSA-N	C9H11ClN4
CCCCC1=C2C(=NN1)N=CN=C2Cl	154262826	KPXQVJSDPDTVKO-UHFFFAOYSA-N	C9H11ClN4
CCC1=C(C(=CC(=C1)Cl)CN)N=[N+]=[N-]	152101861	VBKMFXCCYZKXEL-UHFFFAOYSA-N	C9H11ClN4
C1CN(C2=C1C(=CC=C2)Cl)N=C(N)N	20310585	FQEGHAIOEISXSB-UHFFFAOYSA-N	C9H11ClN4
CC(C)(C)N1C=NC2=C1N=CN=C2Cl	253251	FRPXGBHFTUFHPF-UHFFFAOYSA-N	C9H11ClN4
CN1CC(=CC(=C1N2C=CC=N2)N)Cl	153967479	DJLUNOYBQLEMSU-UHFFFAOYSA-N	C9H11ClN4
CN1C(=C2C=CC=CC2=N1)C(=N)N.Cl	132300884	HFBZEKPAZIMBJP-UHFFFAOYSA-N	C9H11ClN4
CC(C)(C)C1=C(C(=NC=C1)N=[N+]=[N-])Cl	151472234	PKSHZVACHVSBHK-UHFFFAOYSA-N	C9H11ClN4
CN1C=C(C=N1)N2C=CC=C(N2)CCl	154251646	BVSUDYHQJPJXHA-UHFFFAOYSA-N	C9H11ClN4
CNCC1=NC(=C2N1C=C(C=C2)N)Cl	117253700	LRRYRZJTOAZVFM-UHFFFAOYSA-N	C9H11ClN4
C1[C@H]2CN[C@@H]1CN2C3=CC(=NC=N3)Cl	16748610	BIWZTDZVOSCHFX-BQBZGAKWSA-N	C9H11ClN4
C1CN(C(=N1)N)CC2=C(N=CC=C2)Cl	101912227	JBIZPORDFKRQAV-UHFFFAOYSA-N	C9H11ClN4
CC1=CN2C(=CC(=N2)[C@H](C)N)N=C1Cl	140311567	ANQRVGIEJCMZEI-LURJTMIESA-N	C9H11ClN4
CC12CCCC3=NC(=N1)C(=CN2Cl)N3	152221624	VZKJUEZGYAANTO-UHFFFAOYSA-N	C9H11ClN4
CCC1=NN2C(=C(C(=NC2=N1)C)C)Cl	114514569	MCDKGIUOVBZMER-UHFFFAOYSA-N	C9H11ClN4
CNC1=NNC(=N1)C2=CC=CC=C2.Cl	119041790	CTFBOSPFGUFUSI-UHFFFAOYSA-N	C9H11ClN4
CCNC1=CC(=CC2=C(NN=C12)Cl)N	11333308	SWVMEFFZKZLUJS-UHFFFAOYSA-N	C9H11ClN4
CC1=NN(C(=C1Cl)C2=NC=CN2C)C	148335887	LFSDJDCCMZXHMI-UHFFFAOYSA-N	C9H11ClN4
CCN1C(=C(C=N1)C2=C(C=NN2)Cl)C	19621352	LCCLGXRFCSQPKC-UHFFFAOYSA-N	C9H11ClN4
C1CN(CC=C1)C2=CC(=NC(=N2)N)Cl	130631428	JRROXBGEXJAJBD-UHFFFAOYSA-N	C9H11ClN4
CCN(CC)C1=C(C(=NC=N1)Cl)C#N	28470217	DHJMHWSXKUFQAR-UHFFFAOYSA-N	C9H11ClN4
CCC1=C(N2C(=NC(=N2)C)N=C1C)Cl	81590932	JCOJJBBCWWJWHX-UHFFFAOYSA-N	C9H11ClN4
CN(C)C1=CC=C(C=C1)C(N=[N+]=[N-])Cl	152444347	XSDGIPWXACQKFS-UHFFFAOYSA-N	C9H11ClN4
C1=C(C=NC=C1Cl)/C(=C/C=C(N)N)/N	134593274	HQRHXBREENIQIE-QPIMQUGISA-N	C9H11ClN4
CC1=CC(=CC(=C1C(C)N=[N+]=[N-])Cl)N	151715622	RHMLFENBXDISNJ-UHFFFAOYSA-N	C9H11ClN4
CN1C2=C(C=CC(=C2)Cl)C(=NN)N1C	154158254	ZYBOHPMFXHDEBZ-UHFFFAOYSA-N	C9H11ClN4
CC1=NN(C(=C1CCl)N2C=CC=N2)C	28964502	LGCKIAHQOQGLCU-UHFFFAOYSA-N	C9H11ClN4
CC(C1=NC(=C2N1C=CC=C2N)Cl)N	117254868	GPCUYVCOYINOLO-UHFFFAOYSA-N	C9H11ClN4
C1=CC(=CC=C1CC(CN=[N+]=[N-])N)Cl	141240691	QJJWXDAJJMGYFU-UHFFFAOYSA-N	C9H11ClN4
CN1C=CC2=C1N=C(N=C2N(C)C)Cl	129981914	WLIGVLHPUQKYOQ-UHFFFAOYSA-N	C9H11ClN4
C1=CC(=CC=C1NN)N=CC(=CN)Cl	147706607	HDKXJMXEIBHMNU-UHFFFAOYSA-N	C9H11ClN4
C/C(=N/N(C1=CC=C(C=C1)Cl)N=C)/N	88265951	XWXMSXZYFWJWGN-UHFFFAOYSA-N	C9H11ClN4
CCC(C1=CC=C(C=C1)Cl)NN=[N+]=[N-]	152392640	XHSVYZXHDJYFQX-UHFFFAOYSA-N	C9H11ClN4
C1=CC(=CC=C1CN)N2N=CC=N2.Cl	121229296	SXXBFLUNDCKELV-UHFFFAOYSA-N	C9H11ClN4
CNCC1=C(C=CC(=C1)Cl)CN=[N+]=[N-]	150443389	HMGAOQYFDHJZEE-UHFFFAOYSA-N	C9H11ClN4
CN(CC1=CC=C(C=C1)Cl)CN=[N+]=[N-]	151605510	QLJMKZJVVJDNBA-UHFFFAOYSA-N	C9H11ClN4
CC1=NC(=CC(=N1)Cl)NC[C@@H](C)C#N	96566748	WIGFVAFFBMNSDA-LURJTMIESA-N	C9H11ClN4
CC1=C(N2C=C(C=NC2=N1)CCN)Cl	83834926	CYOHUGPGHPWBTP-UHFFFAOYSA-N	C9H11ClN4
CN1C=NNC(N1)C2=CC=CC=C2Cl	151360719	OOKOWZFCERZDBR-UHFFFAOYSA-N	C9H11ClN4
CCN(CC#C)C1=NC=NC(=C1Cl)N	108181636	IJMQOZXMXFMFHM-UHFFFAOYSA-N	C9H11ClN4
CCNNC1=C(C(=CC(=N1)Cl)C)C#N	57360700	NPOXRQVPOHYBIM-UHFFFAOYSA-N	C9H11ClN4
CC1=C(C=CC(=C1)Cl)N2C=NN(N2)C	130459019	UZIYBMURDAFYEZ-UHFFFAOYSA-N	C9H11ClN4
C[C@@H]1CC(=NN1C2=NC=C(C=C2)Cl)N	30772128	UVBPMYBQHDMKKL-ZCFIWIBFSA-N	C9H11ClN4
CCN(C)C1=C(C=C(C=C1)N=[N+]=[N-])Cl	150386410	HAUCDCCALDPYMB-UHFFFAOYSA-N	C9H11ClN4
CC(C)C1=NN=C2N1C=CC(=C2N)Cl	82343318	HPHPEDASUNQYOM-UHFFFAOYSA-N	C9H11ClN4
C1=CC(=C(N=C1)CCCCN=[N+]=[N-])Cl	149949655	CQYFEULGUZVIKA-UHFFFAOYSA-N	C9H11ClN4
CC(C)C1=C2N=C(C=C(N2N=C1)N)Cl	145163888	FOOWHIHYQIYFLY-UHFFFAOYSA-N	C9H11ClN4
CNCC1=NC(=C2N1C(=CC=C2)N)Cl	117253108	XIDQOVXTVWXSEJ-UHFFFAOYSA-N	C9H11ClN4
CN(CCC#N)C1=C(C=CC(=N1)Cl)N	115473543	LQYQFFLQMFZLKL-UHFFFAOYSA-N	C9H11ClN4
C1CN(C2=C1C=CC(=C2)Cl)N=C(N)N	119091990	XBENKLOCZDEIIG-UHFFFAOYSA-N	C9H11ClN4
CC1=C(C(=NN1C)N2C=CN=C2C)Cl	117670071	YTXDTSDTDLGLDO-UHFFFAOYSA-N	C9H11ClN4
CC(C)N1C=CC2=C1N=C(N=C2Cl)N	130019478	NSWHNSZWOZHFFT-UHFFFAOYSA-N	C9H11ClN4
C1[C@H]2CN[C@H]1CN2C3=NN=C(C=C3)Cl	129395601	RDBYUTPLHXVJKE-RQJHMYQMSA-N	C9H11ClN4
CCCC1=NN=C2N1C(=CC=C2N)Cl	82343036	WPJBGOWILLENDN-UHFFFAOYSA-N	C9H11ClN4
CCC1=C(C(=CC(=C1)CN=[N+]=[N-])Cl)N	151836028	SFRDUYIFECORRW-UHFFFAOYSA-N	C9H11ClN4
C=C1CC(C1)NC2=C(C(=NC=N2)Cl)N	15693313	SVUDGXYMQQZGMF-UHFFFAOYSA-N	C9H11ClN4
C1=CC=C(C(=C1)CCCNN=[N+]=[N-])Cl	149812153	BPKUDHOWXHYJMV-UHFFFAOYSA-N	C9H11ClN4
CC1=NN2C(=C1)N=CC3=C2NCC3.Cl	141039099	CCBKCPBWZZPHBE-UHFFFAOYSA-N	C9H11ClN4
CCN1C=CC(=N1)N2C=C(N=C2)CCl	130495837	DWMIDQREBRCXSV-UHFFFAOYSA-N	C9H11ClN4
C1C=C(NN1C2=CC(=C(C=C2)N)Cl)N	140431985	IVTJRSHMIICOID-UHFFFAOYSA-N	C9H11ClN4
CC(C)N(C1=CC=CC=C1Cl)N=[N+]=[N-]	149984166	CXWVCODXTAECIP-UHFFFAOYSA-N	C9H11ClN4
CCCCC1=C(C(=NC=C1)Cl)N=[N+]=[N-]	152041463	UOTVDSNKOOFOJH-UHFFFAOYSA-N	C9H11ClN4
C1=CC=C2C(=C1)C(=C(C=N2)N)NN.Cl	129778134	HGJNSDYTMYZYTL-UHFFFAOYSA-N	C9H11ClN4
CNCC(C1=CC(=CC=C1)Cl)N=[N+]=[N-]	151167829	NBQIIPWRXPARAQ-UHFFFAOYSA-N	C9H11ClN4
C1=CC2=C(C=C1Cl)NC(=N2)NCCN	82564386	XRDFBTYOTNVDFX-UHFFFAOYSA-N	C9H11ClN4
CC1CC(=NN1C2=NC(=CC=C2)Cl)N	20228184	LFKFBSYAFFRWTI-UHFFFAOYSA-N	C9H11ClN4
C1=CC=C(C=C1)NC(CCN=[N+]=[N-])Cl	150996759	LTGLURBJQPIEMR-UHFFFAOYSA-N	C9H11ClN4
CN1CC=NN1C2=CC=CC(=N2)CCl	144780904	QYLVGCSHSAVLGY-UHFFFAOYSA-N	C9H11ClN4
CC(C)C1=NC2=NC=C(N2C(=C1)N)Cl	84076198	DXNKAMZLBGMROU-UHFFFAOYSA-N	C9H11ClN4
C1CN(C(=N1)NN)C2=CC=C(C=C2)Cl	44429236	YGDDDLVVZYKFMA-UHFFFAOYSA-N	C9H11ClN4
CC#CCCNC1=NC=NC(=C1Cl)N	108181738	CZDXNIOKXLIXKM-UHFFFAOYSA-N	C9H11ClN4
CNCCC1=NN2C=C(C=CC2=N1)Cl	116990090	OORGBIFLUQARNI-UHFFFAOYSA-N	C9H11ClN4
CC1=CN2C(=C3CNCC3=N2)N=C1.Cl	89643996	PDBUIFUWLSVYRY-UHFFFAOYSA-N	C9H11ClN4
CC(C)CN1C2=C(C=N1)C(=NC=N2)Cl	43154809	MVEZGLVNWBQAJT-UHFFFAOYSA-N	C9H11ClN4
CC(CC1=CC2=NN=C(N2C=C1)Cl)N	83870143	FYUHOWAEGKVDOU-UHFFFAOYSA-N	C9H11ClN4
C1=CC(=CC=C1[C@@H](CCN=[N+]=[N-])N)Cl	140626433	OEWBWUPJGOTAAQ-SECBINFHSA-N	C9H11ClN4
CCC(C)(C1=CN=C(C=C1)Cl)N=[N+]=[N-]	150855511	KQXQIIDMZVFKJA-UHFFFAOYSA-N	C9H11ClN4
CC1=CN=C(N=C1N(C)CCC#N)Cl	79076459	MPHRIVQURMOJCL-UHFFFAOYSA-N	C9H11ClN4
CN1C=CC(=N1)CN2C=NC=C2CCl	82875449	HOJYODVPXPFWDH-UHFFFAOYSA-N	C9H11ClN4
CC(C)(C)C1=NN=C2N1C(=CN=C2)Cl	81442369	KDHQXWIUYCVMOS-UHFFFAOYSA-N	C9H11ClN4
CC1=C(C(=CC=C1)C=NN=C(N)N)Cl	140788355	VVJBNAXSDUKBCE-UHFFFAOYSA-N	C9H11ClN4
CC(C1=NC(=CC=C1)Cl)C(C)N=[N+]=[N-]	150609872	ITQPUFTXLXMRSR-UHFFFAOYSA-N	C9H11ClN4
CCC1=NN=C2N1N=C(C(=C2C)C)Cl	58136944	CHIFYEDXPVTPPR-UHFFFAOYSA-N	C9H11ClN4
CC(C)C1=NC2=C(C=NN2C)C(=N1)Cl	33736031	ZOKWXSGNEYLLBD-UHFFFAOYSA-N	C9H11ClN4
C1CN=C(N(C1)N)C2=CN=C(C=C2)Cl	142093142	LTYPCHPPLXNGTL-UHFFFAOYSA-N	C9H11ClN4
CCC1=C(N=C2N1C=C(C=C2N)Cl)N	141154420	MFWXHSXYCHFLTP-UHFFFAOYSA-N	C9H11ClN4
CC(CCl)NC1=NC=CN2C1=CC=N2	104733937	WWWDTPKEJKNERC-UHFFFAOYSA-N	C9H11ClN4
CC(C)N1C2=NC=C(C(=C2C=N1)Cl)N	102614295	JLLSJNXJJLALHR-UHFFFAOYSA-N	C9H11ClN4
CN(/C=C(\C=C)/C1=NN=C(C=C1)Cl)N	147688575	GQMZCXUGGDOJHX-VOTSOKGWSA-N	C9H11ClN4
C1=CC(=C(C(=C1)Cl)C=NCC(=N)N)N	146959471	AKHKUKCXFVRQKQ-UHFFFAOYSA-N	C9H11ClN4
CC(C)C1=C(C=C(C=N1)Cl)CN=[N+]=[N-]	152615838	ZAMDORMLGMLRIB-UHFFFAOYSA-N	C9H11ClN4
CC1CNN=C(C1Cl)C2=NC=CC=N2	147772796	HGGJWKNJMDYSFG-UHFFFAOYSA-N	C9H11ClN4
CCC(C1=CC=CC=C1Cl)NN=[N+]=[N-]	150948507	LJOWYPLMRCPWBA-UHFFFAOYSA-N	C9H11ClN4
CC(CN)C1=NN2C=CC(=CC2=N1)Cl	116990189	NHPCVGFQBNNOQK-UHFFFAOYSA-N	C9H11ClN4
CCCCC1=NN=C2N1C=NC(=C2)Cl	43144455	KUZUWFWEJVMJHM-UHFFFAOYSA-N	C9H11ClN4
CC(C)N1C=C(C2=C(N=CN=C21)N)Cl	59267259	HTNLVVJTESIDJN-UHFFFAOYSA-N	C9H11ClN4
CC#CCCNC1=C(C(=NC=N1)Cl)N	108375937	XJOLMBZDAKECHE-UHFFFAOYSA-N	C9H11ClN4
CC(C)C1=C(N=CC(=C1)CN=[N+]=[N-])Cl	152389715	XHDJGZRORAEOMD-UHFFFAOYSA-N	C9H11ClN4
C/C(=C(/C=NC)\C1=CN=CC(=N1)Cl)/N	134225684	SEMUMLFXFIHNMB-HGTQMDKTSA-N	C9H11ClN4
CCCCC1=NN=C2N1C=CN=C2Cl	64369464	NSLPSHXIIPUFMH-UHFFFAOYSA-N	C9H11ClN4
CC(C)(C)C1=NN2C=CC(=NC2=N1)Cl	84678106	DFAHRQRXXBAYAK-UHFFFAOYSA-N	C9H11ClN4
CN(C)CC1=NN=C2N1C(=CC=C2)Cl	117256943	COSQOYJVUXCQQI-UHFFFAOYSA-N	C9H11ClN4
C1=CN(C=C1)NC2=C(C=NC=C2)N.Cl	14232135	NOGJNRPZVWRDLV-UHFFFAOYSA-N	C9H11ClN4
CC1=CC(=CC(=C1N=[N+]=[N-])CNC)Cl	151752204	ROUJTIKOSVVOQI-UHFFFAOYSA-N	C9H11ClN4
CNCCC1=C(N=C2N1C=CC=N2)Cl	84015663	AIMDTMDQTSEFKF-UHFFFAOYSA-N	C9H11ClN4
C1=CC(=CC=C1[C@H](CCN=[N+]=[N-])N)Cl	151313177	OEWBWUPJGOTAAQ-VIFPVBQESA-N	C9H11ClN4
CC1=NC=C2N1C(=NC(=C2)CCN)Cl	130047806	QZJRMODFJPXMDF-UHFFFAOYSA-N	C9H11ClN4
CC(C)[C@@H](C#N)NC1=NC(=NC=C1)Cl	130469664	MKLIRBXWADXJHB-SSDOTTSWSA-N	C9H11ClN4
C1[C@@H]2[C@@H](C2NC3=NN=C(C=C3)Cl)CN1	139371097	VVZPIMLSOJCSMZ-SFJPZXRQSA-N	C9H11ClN4
CN1C=CC(=N1)CN2C=C(N=C2)CCl	106720912	NOSVQNWJHZQCIT-UHFFFAOYSA-N	C9H11ClN4
C1=CC=C(C=C1)N2C=C(N=N2)CN.Cl	71755771	YSJCRPQLOKWYCM-UHFFFAOYSA-N	C9H11ClN4
CC(C)N1C2=C(C=NC=C2N=C1N)Cl	130520529	FCHTXNVMHYFXKS-UHFFFAOYSA-N	C9H11ClN4
CC(CN)NC1=NC=CC(=C1Cl)C#N	107061291	VCPRCLSJLZYAQR-UHFFFAOYSA-N	C9H11ClN4
C1=CC(=CC(=C1)N)CN2N=CC=N2.Cl	77174670	AFYKXSINMABUJO-UHFFFAOYSA-N	C9H11ClN4
C1CN=C(N1)C(C2=C(C=CC=N2)Cl)N	20405271	JCIVHNXOEJXTRY-UHFFFAOYSA-N	C9H11ClN4
C1=CC=C(C(=C1)C[C@H](CN=[N+]=[N-])N)Cl	150735046	JSQPSRGGOZUNDG-MRVPVSSYSA-N	C9H11ClN4
CN1C(=NC(=C1Cl)C2=CNC=C2)CN	84122071	MCUOVEIZFJAMHF-UHFFFAOYSA-N	C9H11ClN4
CC(C)CC1=NN=C2N1C=NC(=C2)Cl	43144488	QWUVHGKAAFFPTP-UHFFFAOYSA-N	C9H11ClN4
CCN1C=C(C(=N1)C)C2=C(C=NN2)Cl	19621338	PQHMVDPXZLDMIB-UHFFFAOYSA-N	C9H11ClN4
CC1=NC2=NC=NN2C(=C1)CC(C)Cl	63205494	MBNUMBJNUCTLFA-UHFFFAOYSA-N	C9H11ClN4
CN(C)CC1=NN2C=CC(=CC2=N1)Cl	117257839	WYRCGUSBGMAZEI-UHFFFAOYSA-N	C9H11ClN4
CC(C)(CN=[N+]=[N-])C1=C(C=CC=N1)Cl	150178602	FKYCBRSSSSWQML-UHFFFAOYSA-N	C9H11ClN4
CC(C)C(C1=CN=C(C=C1)Cl)N=[N+]=[N-]	152619804	ZBGWOVHBOUCARK-UHFFFAOYSA-N	C9H11ClN4
C1=CC(=C(N=C1)Cl)CCCCN=[N+]=[N-]	150841476	KOBPLFARWJACFM-UHFFFAOYSA-N	C9H11ClN4
CCCCC1=C(C(=NC(=N1)Cl)N)C#N	130017385	ZLDXVTGKORWMNE-UHFFFAOYSA-N	C9H11ClN4
CN1C=C(C=N1)CN2C=C(C=N2)CCl	62730024	LYUHUXNALTZXKM-UHFFFAOYSA-N	C9H11ClN4
CCCC1=NN2C=C(C=C(C2=N1)N)Cl	83965024	AFCPEZCGWVYJKB-UHFFFAOYSA-N	C9H11ClN4
CC(C)NC1=C(C(=CC=C1)N=[N+]=[N-])Cl	151113804	MQSHJEIYEJHWGU-UHFFFAOYSA-N	C9H11ClN4
CNCCC1=CN=C2N1C=NC=C2Cl	84678095	NTQGMKUYSJDABM-UHFFFAOYSA-N	C9H11ClN4
C1=CN=CC(=C1Cl)CCCCN=[N+]=[N-]	152322239	WTQREAJHVDUYDY-UHFFFAOYSA-N	C9H11ClN4
C1=CC=C(C=C1)C2=[N+](C=CN2N)N.[Cl-]	17802485	MZOZWHPQMWZBPL-UHFFFAOYSA-M	C9H11ClN4
CC.CC1=NN=C(C2=NC=CN=C12)Cl	141803241	MHJFMHCETNBBQR-UHFFFAOYSA-N	C9H11ClN4
CC(C)(C)C1=NC2=C(C(=N1)Cl)NN=C2	90104165	QDXYXPSHHBVIPY-UHFFFAOYSA-N	C9H11ClN4
CC1=CC=CC=C1C=NN/C(=N/Cl)/N	140303248	LMBVPQFSAXCHHV-UHFFFAOYSA-N	C9H11ClN4
C1CC1C2=CN3C=C(C=NC3=N2)N.Cl	154655325	RCXYKHHABGCXAA-UHFFFAOYSA-N	C9H11ClN4
CC(C)(C1=CC=C(C=C1)Cl)NN=[N+]=[N-]	152281885	WLNIBPRBIKRZLK-UHFFFAOYSA-N	C9H11ClN4
CCCC1=NN2C=C(C=NC2=C1N)Cl	115027183	ISETWMLWNSZOTD-UHFFFAOYSA-N	C9H11ClN4
CCC(C#C)NC1=CC(=NC(=N1)N)Cl	103578147	DEOGZLNISJPUNR-UHFFFAOYSA-N	C9H11ClN4
CNCC1=NC(=C2N1C=CC=C2N)Cl	117254865	UROALRCACKZMNX-UHFFFAOYSA-N	C9H11ClN4
CC(C)(C1=CC=CC=C1Cl)NN=[N+]=[N-]	150735584	JSTIHBUWCXXBAD-UHFFFAOYSA-N	C9H11ClN4
C#CCCCNC1=C(C(=NC=N1)Cl)N	106223212	GOWVTBRSXCNVMK-UHFFFAOYSA-N	C9H11ClN4
CNC[C@@H](C1=CC(=CC=C1)Cl)N=[N+]=[N-]	151167830	NBQIIPWRXPARAQ-VIFPVBQESA-N	C9H11ClN4
C1=CC(=CC(=C1)Cl)CCC(N)N=[N+]=[N-]	150079599	DQZKQUOEDHQDCL-UHFFFAOYSA-N	C9H11ClN4
CCC(C#C)NC1=C(C(=NC=N1)Cl)N	106233104	KMIUSQAKXATRQH-UHFFFAOYSA-N	C9H11ClN4
CC1=C(N=C(C2=C1N(C(=N2)C)N)Cl)C	86226985	ICIAYWKKBLWDDQ-UHFFFAOYSA-N	C9H11ClN4
CCCCC1=NN=C2N1C(=CN=C2)Cl	81440306	DVKGOFGALZEIIP-UHFFFAOYSA-N	C9H11ClN4
CCCN1C2=C(C=NC=C2N=C1N)Cl	130520533	ZJROSVWGDQWRQV-UHFFFAOYSA-N	C9H11ClN4
C1=CC=C(C(=C1)C/C=N/N=C(N)N)Cl	133665374	NIHAIGISBCTZHP-AWNIVKPZSA-N	C9H11ClN4
CC1=C(C=CC(=C1)/C=N\N=C(N)N)Cl	148790736	OMCNDHDEFMWOTC-ACAGNQJTSA-N	C9H11ClN4
C[C@@H]1CN(N=C1N)C2=NC=C(C=C2)Cl	30772126	FKCDULJMOFQRKG-ZCFIWIBFSA-N	C9H11ClN4
C1CC1C2=NN3C=C(C=NC3=C2)N.Cl	86276790	UZFNGLNAVOQIBY-UHFFFAOYSA-N	C9H11ClN4
CCN(C1=C(C(=CC=C1)Cl)C)N=[N+]=[N-]	151805772	RZOMFLGLFAJEIE-UHFFFAOYSA-N	C9H11ClN4
C1C(NC(=N1)NN)C2=CC=CC=C2Cl	130007966	VGZTVIRLUMOGBD-UHFFFAOYSA-N	C9H11ClN4
